4 0.07933124999999999 0.5796875 0.1124109375 0.5796875 0.1130015625 0.5757265625 0.09651875 0.57078125 0.07887968749999999 0.576753125 0.07933124999999999 0.5796875
4 0.8248609374999999 0.5555921875000001 0.85930625 0.5391984375 0.8804171875 0.5428421875 0.88930625 0.537378125 0.891528125 0.5064124999999999 0.8881937499999999 0.49001875000000006 0.8770828125 0.47726875 0.88930625 0.446303125 0.8881937499999999 0.4353734375 0.87819375 0.4226234375 0.8615281250000001 0.4226234375 0.81930625 0.4408390625 0.80930625 0.4663390625 0.78819375 0.4827328125 0.79930625 0.4954828125 0.7948609375 0.5428421875 0.79930625 0.5537703125 0.8248609374999999 0.5555921875000001
4 0.3454078125 0.9291031249999999 0.3537390625 0.8861281249999999 0.3295765625 0.8890921875 0.2955203125 0.9059843750000001 0.31874531250000004 0.93503125 0.3454078125 0.9291031249999999
4 0.52954375 0.9483671875 0.5296875 0.9483218750000001 0.5296875 0.89501875 0.5037140625000001 0.89501875 0.44552031249999996 0.8985765625000001 0.4753859375 0.94985 0.52954375 0.9483671875
4 0.47350624999999996 1 0.4887171875 0.9913437500000001 0.47705156249999997 0.9646687500000001 0.44955625 0.9602234375 0.4090625 0.9707984375 0.430540625 1 0.47350624999999996 1
4 0.4112296875 0.8194421875 0.3715625 0.8263546875 0.3895671875 0.8638984375 0.43205937499999997 0.8194421875 0.4112296875 0.8194421875
4 0.4970703125 0.93203125 0.5296875 0.9313921875 0.5296875 0.9053265625 0.4736328125 0.90078125 0.4453125 0.9056640625 0.4482421875 0.914453125 0.4970703125 0.93203125
4 0.43359375 0.8216796875 0.3896484375 0.81875 0.3671875 0.8236328125 0.3779296875 0.83828125 0.39453125 0.8373046875 0.4208984375 0.834375 0.43359375 0.8216796875
4 0.357421875 0.8998046875 0.3212890625 0.894921875 0.294921875 0.9076171875 0.3017578125 0.91640625 0.337890625 0.9173828125 0.3544921875 0.9125 0.357421875 0.8998046875
4 0.150390625 0.8744140625 0.1513671875 0.879296875 0.181640625 0.8783203125 0.19140625 0.8705078125 0.1572265625 0.86953125 0.150390625 0.8744140625
4 0.357421875 0.8998046875 0.3212890625 0.894921875 0.294921875 0.9076171875 0.3017578125 0.91640625 0.337890625 0.9173828125 0.3544921875 0.9125 0.357421875 0.8998046875
4 0.3857421875 0.8578125 0.388671875 0.8509765625 0.3779296875 0.8421875 0.3447265625 0.8421875 0.333984375 0.8490234375 0.3388671875 0.86171875 0.3671875 0.8626953125 0.3857421875 0.8578125
4 0.7135015625000001 0.8331203125 0.7060859374999999 0.8380640625 0.6991343750000001 0.8355921875 0.690328125 0.8479515624999999 0.6787421874999999 0.8487750000000001 0.6773515625 0.8603109375000001 0.6968171875 0.87349375 0.744553125 0.8743171875 0.7737515625 0.8701984375 0.7932171875 0.871021875 0.798778125 0.8487750000000001 0.783946875 0.8380640625 0.7677265625 0.8380640625 0.7482609375 0.83476875 0.73065 0.837240625 0.7135015625000001 0.8331203125