4 0.13984375 0.41953125 0.07421875 0.41953125 0.07421875 0.44765625 0.13984375 0.44765625 0.13984375 0.41953125
4 0.1064453125 0.36796875 0.09375 0.3689453125 0.1357421875 0.371875 0.130859375 0.3669921875 0.1337890625 0.35625 0.1396484375 0.35625 0.1416015625 0.3640625 0.1494140625 0.3640625 0.1513671875 0.35625 0.1630859375 0.3640625 0.1669921875 0.3484375 0.171875 0.3494140625 0.169921875 0.3611328125 0.1787109375 0.3640625 0.1796875 0.3494140625 0.1962890625 0.3484375 0.2001953125 0.340625 0.203125 0.3611328125 0.2177734375 0.3640625 0.2216796875 0.3796875 0.2265625 0.3787109375 0.2255859375 0.371875 0.2333984375 0.371875 0.2353515625 0.3796875 0.248046875 0.3787109375 0.240234375 0.3611328125 0.2119140625 0.33671875 0.1552734375 0.334765625 0.140625 0.3435546875 0.1396484375 0.35234375 0.1279296875 0.3484375 0.1123046875 0.35625 0.1064453125 0.36796875
4 0.2763671875 0.496875 0.2431640625 0.49296875 0.2177734375 0.483203125 0.21484375 0.4705078125 0.2060546875 0.465625 0.1337890625 0.46171875 0.1337890625 0.45390625 0.1259765625 0.455859375 0.1279296875 0.459765625 0.0908203125 0.451953125 0.0751953125 0.4578125 0.064453125 0.4529296875 0.0595703125 0.43828125 0.046875 0.4412109375 0.029296875 0.5037109375 0.029296875 0.5271484375 0.0361328125 0.533984375 0.08578125 0.55 0.262875 0.55 0.2724609375 0.545703125 0.309375 0.54213125 0.309375 0.49401093749999997 0.2998046875 0.48125 0.2958984375 0.4890625 0.2841796875 0.48125 0.2763671875 0.496875
4 0.2802734375 0.412890625 0.2685546875 0.432421875 0.265625 0.4138671875 0.2607421875 0.41875 0.2490234375 0.405078125 0.244140625 0.4080078125 0.25 0.4138671875 0.2431640625 0.41484375 0.1884765625 0.393359375 0.1591796875 0.397265625 0.1201171875 0.38359375 0.0693359375 0.3953125 0.052734375 0.4314453125 0.0546875 0.4451171875 0.0693359375 0.455859375 0.1083984375 0.455859375 0.0703125 0.4470703125 0.0732421875 0.440234375 0.080078125 0.4412109375 0.0810546875 0.420703125 0.1162109375 0.420703125 0.140625 0.4353515625 0.1337890625 0.45 0.1142578125 0.451953125 0.1162109375 0.459765625 0.2060546875 0.471484375 0.2216796875 0.4890625 0.2451171875 0.496875 0.309375 0.5032296875 0.309375 0.4279296875 0.2998046875 0.4265625 0.2939453125 0.41875 0.2861328125 0.424609375 0.2802734375 0.412890625
4 0.25 0.4177734375 0.2783203125 0.412890625 0.279296875 0.4060546875 0.2578125 0.3923828125 0.24609375 0.3650390625 0.2119140625 0.334765625 0.1708984375 0.334765625 0.1591796875 0.32890625 0.0849609375 0.369921875 0.056640625 0.4001953125 0.044921875 0.4646484375 0.033203125 0.4919921875 0.03125 0.5251953125 0.09711093750000001 0.55 0.2602921875 0.55 0.2685546875 0.545703125 0.309375 0.5391953125 0.309375 0.4267171875 0.3017578125 0.420703125 0.2822265625 0.434375 0.2568359375 0.428515625 0.25 0.4177734375
4 0.5967015625000001 0.43966093749999996 0.5776046874999999 0.3841046875 0.5836812499999999 0.34552499999999997 0.5594171875 0.275178125 0.555034375 0.2606484375 0.5541671874999999 0.2375 0.5420140625000001 0.2236109375 0.5298609375 0.20663593750000003 0.5029515625000001 0.20200625 0.4883296875 0.1939171875 0.45694375000000004 0.1896609375 0.43524375 0.2328703125 0.43524375 0.2591046875 0.42916718749999994 0.2776234375 0.4326390625 0.31003125 0.4170140625 0.334721875 0.41527812500000005 0.371759375 0.42135468749999994 0.38101875 0.41267343749999996 0.41342656250000004 0.41614531250000003 0.4751546875 0.407996875 0.55 0.598003125 0.55 0.587153125 0.52299375 0.5967015625000001 0.5013890625 0.586284375 0.4751546875 0.5967015625000001 0.43966093749999996
4 0.5040484375000001 0.16014843750000002 0.47948593749999996 0.15925781249999998 0.47096406249999995 0.1690609375 0.48199218750000006 0.18331875 0.5100640624999999 0.18331875 0.523096875 0.176190625 0.5251015625 0.16193125 0.5040484375000001 0.16014843750000002
4 0.25387499999999996 0.607375 0.224875 0.6028609375 0.169375 0.58405 0.140875 0.5848015625 0.122875 0.5893171875000001 0.116375 0.5953359375 0.065375 0.6231765625000001 0.057874999999999996 0.631453125 0.057374999999999995 0.6404828124999999 0.070875 0.6502640625 0.11687499999999999 0.6607984375 0.19437500000000002 0.6690750000000001 0.23137500000000003 0.66681875 0.26687500000000003 0.679609375 0.274375 0.6758484375 0.27737500000000004 0.6713328125 0.28137500000000004 0.6525218749999999 0.281875 0.6397296875 0.270375 0.6224234375 0.267875 0.6126421875 0.25387499999999996 0.607375
4 0.2032828125 1 0.21237499999999998 0.9933796875 0.227875 0.9760734375 0.235875 0.9625296875 0.242875 0.942965625 0.268375 0.90910625 0.27087500000000003 0.8925515624999999 0.267875 0.8699781249999999 0.270375 0.8489093750000001 0.26387499999999997 0.8210703125000001 0.257375 0.807525 0.246375 0.8015062500000001 0.225875 0.7969906250000001 0.215375 0.7819421875 0.206875 0.7759234375 0.172875 0.776675 0.137375 0.7691515625 0.12337499999999998 0.7691515625 0.116375 0.766140625 0.104375 0.7548546875000001 0.025875 0.7443203125 0 0.737190625 0 1 0.2032828125 1
4 1 0.7918093749999999 0.9692703125 0.776909375 0.925 0.8201203125 0.909375 0.8602437500000001 0.9892359374999999 0.9111687500000001 1 0.9062828125 1 0.7918093749999999
4 0.8017359374999999 0.6395640625000001 0.8234375 0.6565390625 0.8598953125 0.671971875 0.8833328125 0.6935765625 0.8920140625 0.6611687500000001 0.866840625 0.6287609375 0.84774375 0.6087 0.8173609374999999 0.6117859375 0.8017359374999999 0.6395640625000001