4 0 0.4 0.23647187500000003 0.4 0.2279515625 0.3803625 0.1767359375 0.2877703125 0.128125 0.2337578125 0.09774374999999999 0.184375 0.055207812499999995 0.1689421875 0.0126734375 0.195178125 0 0.221121875 0 0.4
4 0.6948875 0.4 0.7457390625 0.4 0.748221875 0.3859546875 0.7297515625 0.3892484375 0.697465625 0.3950734375 0.6948875 0.4
4 0.8053874999999999 0.367859375 0.8079578125 0.383928125 0.865475 0.3618984375 0.860953125 0.348315625 0.8053874999999999 0.367859375
4 0.37070625 0.4 0.36586093750000004 0.4 0.355965625 0.4099125 0.3705109375 0.4208421875 0.42869375 0.415378125 0.37070625 0.4
4 0.2214203125 0.5683828125 0.1705109375 0.5519890625 0.1632390625 0.5683828125 0.1741484375 0.5793125 0.2214203125 0.5683828125
4 0.395965625 0.5519890625 0.4432390625 0.5355953125 0.3996015625 0.5137375 0.395965625 0.5519890625
4 0 0.8761484375 0.010510937500000001 0.87439375 0.0032390624999999998 0.8361421874999999 0 0.8361421874999999 0 0.8761484375
4 0.11232968750000001 0.573846875 0.0796015625 0.5519890625 0.0505109375 0.5793125 0.0832390625 0.5902406250000001 0.11232968750000001 0.573846875
4 0.12687500000000002 0.6831375000000001 0.1705109375 0.6831375000000001 0.1632390625 0.65035 0.13778437500000001 0.65035 0.12323906250000001 0.6612796875 0.12687500000000002 0.6831375000000001
4 0.06869375 0.6831375000000001 0.032329687499999996 0.6831375000000001 0.0141484375 0.7159234375 0.07596562500000001 0.7049953125 0.06869375 0.6831375000000001
4 0.5305109375 0.5355953125 0.559375 0.5301734375 0.559375 0.5295625 0.54869375 0.502809375 0.5123296875000001 0.49734531249999997 0.5086937500000001 0.519203125 0.5305109375 0.5355953125
4 0.497784375 0.9126453124999999 0.43596562499999997 0.8962515625 0.41051093749999995 0.9290390625 0.5086937500000001 0.9399671875 0.497784375 0.9126453124999999
4 0.5014203125 0.63395625 0.537784375 0.6120984375 0.515965625 0.5902406250000001 0.46142031250000004 0.5902406250000001 0.43960156250000004 0.6175625 0.5014203125 0.63395625
4 0.2396015625 0.49734531249999997 0.235965625 0.5246671875 0.2796015625 0.5301312499999999 0.32687499999999997 0.47548593749999996 0.3232390625 0.45909374999999997 0.28323906249999997 0.45909374999999997 0.2396015625 0.49734531249999997
4 0.3814203125 0.710459375 0.38505625 0.73778125 0.43960156250000004 0.77056875 0.47960156249999997 0.7651046874999999 0.50505625 0.726853125 0.3923296875 0.7049953125 0.3814203125 0.710459375
4 0.2105109375 0.73778125 0.18869375 0.754175 0.18869375 0.7760328125 0.246875 0.8088203125 0.2723296875 0.797890625 0.2723296875 0.754175 0.257784375 0.73778125 0.2105109375 0.73778125
4 1 0.6755203125 0.98125 0.6755203125 0.98125 0.6814734375 0.9745828124999999 0.6814734375 0.9745828124999999 0.6993296875 0.9712500000000001 0.6993296875 0.9712500000000001 0.7826640625 0.9745828124999999 0.7826640625 0.9745828124999999 0.788615625 1 0.788615625 1 0.6755203125