4 0.044125 0.03984375 0.05924375 0.060232812499999996 0.08218281250000001 0.0713546875 0.1421359375 0.06579375 0.15933906250000002 0.05745312500000001 0.188534375 0.0620859375 0.1739375 0.015746875 0.157775 0.02130625 0.134315625 0.003696875 0.11711093749999998 0.0111125 0.071234375 0.0120390625 0.044125 0.03984375
4 0.6369890625 0.6480953125 0.609375 0.6342640625 0.609375 0.657671875 0.6369890625 0.6480953125
4 0.851534375 0.6480953125 0.931534375 0.6535609375 0.89880625 0.6262375 0.851534375 0.6480953125
4 0.9642609375 0.6918124999999999 0.920625 0.6918124999999999 0.9388062500000001 0.7245984375 0.9751703125000001 0.7245984375 0.9642609375 0.6918124999999999
4 0.7242609375 0.6480953125 0.7533515625 0.64263125 0.74244375 0.615309375 0.7060796875 0.6098453125 0.70244375 0.631703125 0.7242609375 0.6480953125
4 0.7933515625 0.8174953125 0.840625 0.8229593749999999 0.8442609375 0.806565625 0.81880625 0.77924375 0.7933515625 0.790171875 0.7933515625 0.8174953125
4 0.8260796875 0.6699531249999999 0.7969890625 0.6644890625000001 0.7969890625 0.7136703125 0.8478984374999999 0.7082046875 0.8260796875 0.6699531249999999
4 0.6951703124999999 0.74645625 0.7315343750000001 0.7245984375 0.7097156250000001 0.702740625 0.6551703125 0.702740625 0.6333515625 0.7300625000000001 0.6951703124999999 0.74645625
4 0.609375 0.8220124999999999 0.609375 0.8686562500000001 0.6333515625 0.88306875 0.6733515625 0.8776046875000001 0.69880625 0.839353125 0.609375 0.8220124999999999
4 0.9824437500000001 0.8994624999999999 0.960625 0.8666750000000001 0.8842609375 0.855746875 0.840625 0.88306875 0.8624437500000001 0.910390625 0.949715625 0.9049265625 0.94244375 0.9377140624999999 0.9533515625 0.959571875 0.9824437500000001 0.9486421875 0.9824437500000001 0.8994624999999999
4 0.9860796875 0.53880625 0.9824437500000001 0.5224125 0.851534375 0.47869687499999997 0.7788062499999999 0.47869687499999997 0.7351703125 0.5169484375 0.9860796875 0.53880625