0 0.617188 0.608333 0.41718700000000003 0.608333 0.41718700000000003 0.822222 0.617188 0.822222 0.617188 0.608333
0 0.76875 0.686111 0.63125 0.686111 0.63125 0.836111 0.76875 0.836111 0.76875 0.686111
0 0.278125 0.486111 0.140625 0.486111 0.140625 0.541667 0.278125 0.541667 0.278125 0.486111
0 0.259375 0.436111 0.151562 0.436111 0.151562 0.494444 0.259375 0.494444 0.259375 0.436111
0 0.259375 0.40277799999999997 0.198437 0.40277799999999997 0.198437 0.46944400000000003 0.259375 0.46944400000000003 0.259375 0.40277799999999997
0 0.454688 0.305556 0.4125 0.305556 0.4125 0.336111 0.454688 0.336111 0.454688 0.305556
0 0.43281200000000003 0.316667 0.39531299999999997 0.316667 0.39531299999999997 0.34722200000000003 0.43281200000000003 0.34722200000000003 0.43281200000000003 0.316667
0 0.523438 0.341667 0.40156200000000003 0.341667 0.40156200000000003 0.394444 0.523438 0.394444 0.523438 0.341667
0 0 0.722222 0.05625 0.722222 0.05625 0.5916669999999999 0 0.5916669999999999 0 0.722222
1 0 0.991667 0.33906200000000003 0.991667 0.33906200000000003 0.363889 0 0.363889 0 0.991667
1 0.998437 0.41944400000000004 0.39843799999999996 0.41944400000000004 0.39843799999999996 0.997222 0.998437 0.997222 0.998437 0.41944400000000004