4 0.3739375 0.20419218749999998 0.3336 0.149921875 0.285390625 0.1096546875 0.273584375 0.18143437499999998 0.23718124999999998 0.20594375 0.24013281250000001 0.2584640625 0.19290625 0.277721875 0.16831093749999998 0.368759375 0.18306875 0.40377343750000005 0.1838328125 0.41875 0.4296875 0.41875 0.4296875 0.334790625 0.4034546875 0.3267421875 0.3601640625 0.2707203125 0.3739375 0.20419218749999998
4 0.798740625 0.10405468749999999 0.7858359375 0.10405468749999999 0.7858359375 0.1101890625 0.7729328125 0.1101890625 0.7729328125 0.11632499999999998 0.76648125 0.11632499999999998 0.76325625 0.1285953125 0.7600296875 0.1285953125 0.7600296875 0.147 0.7729328125 0.16540468749999998 0.7729328125 0.1715390625 0.7826109375 0.1715390625 0.7826109375 0.177675 0.7890625 0.177675 0.7890625 0.183809375 0.798740625 0.183809375 0.798740625 0.18994375 0.8471265625 0.18994375 0.8471265625 0.183809375 0.8890625 0.183809375 0.8890625 0.177675 0.9019656250000001 0.177675 0.9019656250000001 0.1715390625 0.91164375 0.16540468749999998 0.91164375 0.1592703125 0.9180953125 0.1592703125 0.9180953125 0.147 0.9245468750000001 0.147 0.927771875 0.1285953125 0.9309984375000001 0.1285953125 0.927771875 0.0979203125 0.9148687499999999 0.091784375 0.9148687499999999 0.08565 0.898740625 0.08565 0.898740625 0.079515625 0.850353125 0.079515625 0.850353125 0.08565 0.8374499999999999 0.08565 0.8374499999999999 0.091784375 0.824546875 0.091784375 0.824546875 0.0979203125 0.798740625 0.0979203125 0.798740625 0.10405468749999999
4 0.38663125 0.5026625 0.4296875 0.5143375 0.4296875 0.449209375 0.42569375000000004 0.44710625000000004 0.40052031250000003 0.456365625 0.3779515625 0.465625 0.38663125 0.5026625
4 0 0.7767859374999999 0.0098953125 0.7819828125 0.033332812499999996 0.7634640625 0.057639062500000005 0.76809375 0.13836874999999998 0.7279703125 0.1513890625 0.687846875 0.1453125 0.6554390625 0.17829843750000002 0.6415515625 0.18350625 0.6060578125 0.117534375 0.6122296875 0.0420140625 0.6400078125 0 0.668371875 0 0.7767859374999999
4 0.75838125 0.46850312499999996 0.6965625 0.45210937500000004 0.685653125 0.4630375 0.7001984375 0.4739671875 0.75838125 0.46850312499999996
4 0.5511078125 0.6215078125 0.5001984375 0.6051140625 0.4929265625 0.6215078125 0.5038359375 0.6324375 0.5511078125 0.6215078125
4 0.725653125 0.6051140625 0.7729265625 0.5887203125 0.7292890625 0.5668624999999999 0.725653125 0.6051140625
4 0.4565625 0.7362625 0.5001984375 0.7362625 0.4929265625 0.703475 0.46747187500000004 0.703475 0.45292656249999996 0.7144046875 0.4565625 0.7362625
4 0.8601984375 0.5887203125 0.8892890625 0.58325625 0.87838125 0.555934375 0.8420171875 0.5504703125 0.83838125 0.5723281250000001 0.8601984375 0.5887203125
4 0.9292890625 0.7581203125 0.9765625 0.763584375 0.9801984375 0.747190625 0.9547437499999999 0.7198687500000001 0.9292890625 0.730796875 0.9292890625 0.7581203125
4 0.9620171875000001 0.610578125 0.9329265625 0.6051140625 0.9329265625 0.6542953125000001 0.9838359375 0.6488296874999999 0.9620171875000001 0.610578125
4 0.827471875 0.9657703124999999 0.7656531249999999 0.9493765625 0.7401984374999999 0.9821640625000001 0.83838125 0.9930921875 0.827471875 0.9657703124999999
4 0.8311078125 0.6870812500000001 0.867471875 0.6652234375 0.8456531249999999 0.643365625 0.7911078125000001 0.643365625 0.7692890625000001 0.6706875 0.8311078125 0.6870812500000001
4 0.5692890625 0.5504703125 0.565653125 0.5777921874999999 0.6092890625 0.58325625 0.6565624999999999 0.5286109375 0.6529265625 0.51221875 0.6129265625 0.51221875 0.5692890625 0.5504703125
4 0.7111078125 0.763584375 0.71474375 0.79090625 0.7692890625000001 0.82369375 0.8092890625000001 0.8182296875 0.83474375 0.779978125 0.7220171875 0.7581203125 0.7111078125 0.763584375
4 1 0.42350625 0.987471875 0.41932187499999996 0.9147437500000001 0.41932187499999996 0.8711078125 0.45757343749999996 1 0.46880156250000005 1 0.42350625
4 0.5401984375 0.79090625 0.51838125 0.8073 0.51838125 0.8291578124999999 0.5765625 0.8619453125 0.6020171875 0.8510156249999999 0.6020171875 0.8073 0.5874718750000001 0.79090625 0.5401984375 0.79090625