4 0.5130203125 0.0812890625 0.5138890625 0.058140625 0.4670140625 0.0334484375 0.4435765625 0.0519671875 0.4192703125 0.0519671875 0.43402812500000004 0.073571875 0.48350625 0.09209062500000001 0.5130203125 0.0812890625
4 0.20138906250000002 0.1383875 0.12586875 0.166165625 0.0572921875 0.2124609375 0.034721875 0.2464125 0.08854218750000001 0.26030156249999997 0.10677031249999999 0.26030156249999997 0.1388890625 0.2664734375 0.223090625 0.23560937499999998 0.23524375000000003 0.21400468749999998 0.2291671875 0.181596875 0.262153125 0.1677078125 0.2552078125 0.147646875 0.20138906250000002 0.1383875
4 0.7126734375 0.0581984375 0.7057296875 0.050482812499999995 0.66875 0.057056249999999996 0.66875 0.09969375 0.706596875 0.1183828125 0.75 0.1014078125 0.74913125 0.064371875 0.7126734375 0.0581984375
4 0.2261078125 0.6933828125 0.1751984375 0.6769890625 0.1679265625 0.6933828125 0.1788359375 0.7043125 0.2261078125 0.6933828125
4 0.40232812500000004 0.659375 0.400653125 0.6769890625 0.4479265625 0.6605953125 0.4454890625 0.659375 0.40232812500000004 0.659375
4 0.01156875 1 0.0151984375 0.99939375 0.007926562500000001 0.9611421874999999 0 0.9611421874999999 0 1 0.01156875 1
4 0.11701718750000001 0.698846875 0.0842890625 0.6769890625 0.055198437499999996 0.7043125 0.0879265625 0.7152406250000001 0.11701718750000001 0.698846875
4 0.1315625 0.8081375 0.1751984375 0.8081375 0.1679265625 0.77535 0.142471875 0.77535 0.1279265625 0.7862796875 0.1315625 0.8081375
4 0.07338125 0.8081375 0.0370171875 0.8081375 0.0188359375 0.8409234375000001 0.080653125 0.8299953125 0.07338125 0.8081375
4 0.6042890625 0.8299953125 0.6515625 0.8354593749999999 0.6551984375 0.819065625 0.62974375 0.79174375 0.6042890625 0.802671875 0.6042890625 0.8299953125
4 0.6370171874999999 0.682453125 0.6079265625 0.6769890625 0.6079265625 0.7261703125000001 0.6588359374999999 0.7207046874999999 0.6370171874999999 0.682453125
4 0.5061078125 0.75895625 0.542471875 0.7370984375 0.520653125 0.7152406250000001 0.46610781250000005 0.7152406250000001 0.44428906250000005 0.7425625 0.5061078125 0.75895625
4 0.38610781250000004 0.8354593749999999 0.38974375 0.8627812499999999 0.44428906250000005 0.89556875 0.4842890625 0.8901046875 0.5097437499999999 0.8518531250000001 0.39701718750000003 0.8299953125 0.38610781250000004 0.8354593749999999
4 0.2151984375 0.8627812499999999 0.19338125 0.879175 0.19338125 0.9010328124999999 0.2515625 0.9338203125 0.2770171875 0.922890625 0.2770171875 0.879175 0.262471875 0.8627812499999999 0.2151984375 0.8627812499999999
4 1 0.659375 0.7639437499999999 0.659375 0.7578125 0.6984375 0.7703125 0.7484375 0.79375 0.7796875 0.8171875 0.7921875 0.9703125 0.8421875 1 0.8421875 1 0.659375