4 0.863521875 0 0.8715015625 0.015959375 0.899803125 0.041115625 0.93125 0.1165875 0.9375390625 0.1165875 0.9375390625 0.12287812499999999 0.9155265625 0.12287812499999999 0.9155265625 0.1291671875 0.9029484374999999 0.1291671875 0.8966593749999999 0.1417453125 0.89036875 0.1417453125 0.9029484374999999 0.16690312499999999 0.9060921875 0.210928125 0.9281046875 0.22350625000000002 0.9281046875 0.21721718750000002 0.940684375 0.21721718750000002 0.9689859375 0.1606125 0.9689859375 0.148034375 0.9815640625000001 0.12287812499999999 0.9941437499999999 0.1165875 1 0.1048734375 1 0 0.863521875 0
4 1 0.0542109375 0.9771484375 0.038671875 0.9126953125 0.046484375 0.909765625 0.0650390625 0.921484375 0.0943359375 0.9498046875 0.11484375 0.968359375 0.1177734375 1 0.09279375 1 0.0542109375
4 0.7205078125 0 0.7203125 0.0005859375 0.70078125 0.0259765625 0.706640625 0.0396484375 0.737890625 0.0689453125 0.80625 0.1646484375 0.839453125 0.1998046875 0.847265625 0.2369140625 0.8483046875 0.2390625 0.9743656250000001 0.2390625 1 0.1972875 1 0 0.7205078125 0
4 0.34275625 0.496628125 0.2809375 0.48023437500000005 0.270028125 0.4911625 0.2845734375 0.5020921875 0.34275625 0.496628125
4 0.1354828125 0.6496328124999999 0.0845734375 0.6332390625000001 0.0773015625 0.6496328124999999 0.0882109375 0.6605624999999999 0.1354828125 0.6496328124999999
4 0.310028125 0.6332390625000001 0.3573015625 0.6168453125 0.3136640625 0.5949875 0.310028125 0.6332390625000001
4 0 0.6699703125 0.026392187499999997 0.655096875 0 0.6374703125 0 0.6699703125
4 0.0409375 0.7643875 0.0845734375 0.7643875 0.0773015625 0.7316 0.051846875 0.7316 0.0373015625 0.7425296875 0.0409375 0.7643875
4 0.4445734375 0.6168453125 0.4736640625 0.61138125 0.46275625 0.584059375 0.4263921875 0.5785953125 0.42275625000000006 0.600453125 0.4445734375 0.6168453125
4 0.5296875 0.75204375 0.5136640625 0.758921875 0.5136640625 0.7862453125 0.5296875 0.788096875 0.5296875 0.75204375
4 0.5296875 0.635565625 0.5173015624999999 0.6332390625000001 0.5173015624999999 0.6824203125 0.5296875 0.6810906250000001 0.5296875 0.635565625
4 0.414284375 1 0.411846875 0.9938953125 0.350028125 0.9775015625 0.3325609375 1 0.414284375 1
4 0.41548281249999997 0.71520625 0.45184687500000004 0.6933484375 0.43002812500000004 0.671490625 0.3754828125 0.671490625 0.3536640625 0.6988125000000001 0.41548281249999997 0.71520625
4 0.1536640625 0.5785953125 0.150028125 0.6059171875 0.19366406249999998 0.61138125 0.24093749999999997 0.5567359374999999 0.23730156249999998 0.54034375 0.1973015625 0.54034375 0.1536640625 0.5785953125
4 0.2954828125 0.791709375 0.29911875 0.8190312499999999 0.3536640625 0.85181875 0.39366406249999997 0.8463546875000001 0.41911875 0.808103125 0.3063921875 0.7862453125 0.2954828125 0.791709375
4 0.5296875 0.44744687499999997 0.49911874999999994 0.44744687499999997 0.4554828125 0.48569843749999997 0.5296875 0.49216249999999995 0.5296875 0.44744687499999997
4 0.12457343750000001 0.8190312499999999 0.10275625 0.8354250000000001 0.10275625 0.8572828124999999 0.1609375 0.8900703125 0.1863921875 0.879140625 0.1863921875 0.8354250000000001 0.171846875 0.8190312499999999 0.12457343750000001 0.8190312499999999
4 0.93828125 0.9603515625 0.963671875 0.9564453125 0.9548828125 0.949609375 0.928515625 0.9564453125 0.93828125 0.9603515625
4 0.7546875 0.9076171875 0.746875 0.8998046875 0.746875 0.8841796875 0.7400390625 0.883203125 0.73515625 0.9017578125 0.721484375 0.9193359375 0.746875 0.9232421875 0.7546875 0.9076171875
4 0.76640625 0.9291015625 0.7654296875 0.92421875 0.75859375 0.9251953125 0.7595703125 0.930078125 0.76640625 0.9291015625