4 0.34156718750000004 0.14832343750000002 0.3074125 0.140734375 0.29460625 0.1450703125 0.331809375 0.15808125 0.358034375 0.163503125 0.3946265625 0.1732609375 0.4390625 0.178390625 0.4390625 0.165671875 0.42329062500000003 0.165671875 0.40804375000000004 0.13748125 0.37572031250000004 0.14832343750000002 0.34156718750000004 0.14832343750000002
4 0.709375 0.4470703125 0.7279296875 0.463671875 0.73671875 0.4626953125 0.7650390625 0.448046875 0.7923828125 0.44609375 0.803125 0.4353515625 0.803125 0.4001953125 0.7904296875 0.393359375 0.7708984375 0.393359375 0.7201171875 0.416796875 0.709375 0.4470703125
4 0.7953125 0.3142578125 0.7806640625 0.307421875 0.762109375 0.3103515625 0.7689453125 0.319140625 0.78359375 0.3201171875 0.7943359375 0.319140625 0.7953125 0.3142578125
4 0.6458984375 0.36015625 0.6693359375 0.35625 0.68203125 0.3474609375 0.6361328125 0.342578125 0.6009765625 0.35234375 0.584375 0.3806640625 0.605859375 0.3865234375 0.6458984375 0.36015625
4 0.551171875 0.3201171875 0.5287109375 0.32109375 0.4984375 0.3376953125 0.4994140625 0.34453125 0.521875 0.3435546875 0.5404296875 0.338671875 0.551171875 0.3201171875
4 0.6546875 0.2966796875 0.6615234375 0.30546875 0.683984375 0.3064453125 0.68984375 0.3044921875 0.6869140625 0.299609375 0.6546875 0.2966796875
4 0.70546875 0.2634765625 0.723046875 0.2693359375 0.7201171875 0.2625 0.70546875 0.2634765625
4 0.4784390625 0.42451718749999995 0.4536328125 0.42451718749999995 0.4390625 0.4331484375 0.4390625 0.45319062499999996 0.4401671875 0.46266093750000004 0.4783328125 0.4565046875 0.51676875 0.4281125 0.4784390625 0.42451718749999995
4 0.782196875 0.253609375 0.7747203125000001 0.2625609375 0.7873359375 0.27145312499999996 0.819503125 0.2801390625 0.8195984375 0.26251250000000004 0.782196875 0.253609375
4 0 0.903403125 0.0220765625 0.903403125 0.0220765625 0.9095375000000001 0.0317546875 0.9095375000000001 0.038206250000000004 0.9218078125 0.0446578125 0.9218078125 0.0446578125 0.9279421875 0.051109375 0.9279421875 0.051109375 0.9340781249999999 0.0575609375 0.9340781249999999 0.0575609375 0.9402125 0.0640125 0.9402125 0.0640125 0.9463484375 0.07046406250000001 0.9463484375 0.07046406250000001 0.9524828125000001 0.080140625 0.9524828125000001 0.080140625 0.9586171875 0.0865921875 0.9586171875 0.0865921875 0.9524828125000001 0.105946875 0.9524828125000001 0.105946875 0.9463484375 0.12207656250000001 0.9402125 0.12530312500000002 0.9218078125 0.14143125 0.8911328125000001 0.14143125 0.8543234375000001 0.1317546875 0.83591875 0.1123984375 0.8297828125000001 0.1123984375 0.8236484374999999 0.07046406250000001 0.8236484374999999 0.07046406250000001 0.8297828125000001 0.051109375 0.8297828125000001 0.051109375 0.83591875 0.041431249999999996 0.83591875 0.041431249999999996 0.842053125 0.028528124999999998 0.842053125 0.025303125 0.8543234375000001 0.0188515625 0.8543234375000001 0.0123984375 0.86659375 0.009173437500000001 0.8911328125000001 0.002721875 0.8911328125000001 0.002721875 0.89726875 0 0.89726875 0 0.903403125
4 0.3123984375 0.5414390625000001 0.2994953125 0.5414390625000001 0.2994953125 0.5475749999999999 0.29304375 0.5475749999999999 0.28981875 0.5598453125 0.28659218750000004 0.5598453125 0.28659218750000004 0.5782499999999999 0.2994953125 0.5966546875 0.2994953125 0.6027890625000001 0.30917343750000004 0.6027890625000001 0.30917343750000004 0.6089249999999999 0.315625 0.6089249999999999 0.315625 0.615059375 0.32530312499999997 0.615059375 0.32530312499999997 0.62119375 0.3736890625 0.62119375 0.3736890625 0.615059375 0.415625 0.615059375 0.415625 0.6089249999999999 0.428528125 0.6089249999999999 0.428528125 0.6027890625000001 0.43820625 0.5966546875 0.43820625 0.5905203125 0.4390625 0.5905203125 0.4390625 0.5296875 0.32530312499999997 0.5296875 0.32530312499999997 0.5353046875 0.3123984375 0.5353046875 0.3123984375 0.5414390625000001