4 0.34461875000000003 0.15814062499999998 0.3029515625 0.1473375 0.285590625 0.18746093749999998 0.316840625 0.230671875 0.3541671875 0.227584375 0.363715625 0.1890046875 0.34461875000000003 0.15814062499999998
4 0.1744796875 0.016165625 0.1423609375 0.0115359375 0.1189234375 0.0362265625 0.13715312500000001 0.0624609375 0.1588546875 0.0655484375 0.1935765625 0.059375 0.20138906250000002 0.031596875 0.1744796875 0.016165625
4 0.4009703125 0.0590359375 0.399384375 0.0442453125 0.3875 0.03579375 0.369671875 0.0400203125 0.3581828125 0.040725 0.3482796875 0.0512890625 0.35540937499999997 0.0604453125 0.36848437500000003 0.0611484375 0.376803125 0.0632625 0.4009703125 0.0590359375
4 0.2348875 0 0.2338171875 0.0076109375000000005 0.2502390625 0.015032812500000001 0.26833125 0.015528125 0.27863125 0.0066203125 0.27667031249999996 0 0.2348875 0
4 0.670284375 0.159015625 0.7721015625 0.1699453125 0.750284375 0.1371578125 0.6957390625000001 0.13169375 0.6739203125000001 0.1371578125 0.670284375 0.159015625
4 0.808465625 0.23551875 0.8266484374999999 0.2519125 0.8775562499999999 0.2737703125 0.9030109375 0.2573765625 0.8921015625000001 0.21366093749999998 0.8230109375 0.208196875 0.808465625 0.23551875
4 0.8339203124999999 0.3065578125 0.8630109375 0.3557375 0.899375 0.3502734375 0.9248296874999999 0.3174859375 0.8957390625 0.2847 0.8666484375 0.2847 0.8339203124999999 0.3065578125
4 0.56875 0.250690625 0.56875 0.3015515625 0.6121015625 0.295628125 0.6121015625 0.2737703125 0.5866484375 0.2519125 0.56875 0.250690625
4 0.56875 0.37213124999999997 0.56875 0.4625828125 0.5866484375 0.4650265625 0.63755625 0.42131093750000004 0.6339203125 0.37213124999999997 0.56875 0.37213124999999997
4 0.56875 0.500840625 0.56875 0.5727671875 0.6048296875 0.5743171874999999 0.6666484374999999 0.536065625 0.5939203125 0.4978140625 0.56875 0.500840625
4 0.7607640625000001 0.8801890625000001 0.66875 0.8169171875 0.641840625 0.8277203125 0.601909375 0.8585843750000001 0.6192703125000001 0.8894484374999999 0.7477437499999999 0.9048796875 0.7607640625000001 0.8801890625000001