4 0.08875 0.69918125 0.09875 0.69918125 0.09875 0.705134375 0.1120828125 0.705134375 0.1120828125 0.69918125 0.12875 0.69918125 0.12875 0.6932296874999999 0.1320828125 0.6932296874999999 0.1320828125 0.6694203125 0.1254171875 0.6694203125 0.1254171875 0.6634671875 0.1020828125 0.6634671875 0.1020828125 0.6694203125 0.08875 0.6694203125 0.0854171875 0.681325 0.0820828125 0.681325 0.0854171875 0.6932296874999999 0.08875 0.6932296874999999 0.08875 0.69918125
4 0.1220828125 0.57418125 0.12875 0.580134375 0.12875 0.5860859375 0.1454171875 0.5860859375 0.1454171875 0.5920390624999999 0.1520828125 0.5920390624999999 0.1520828125 0.5860859375 0.1654171875 0.5860859375 0.16875 0.57418125 0.1720828125 0.57418125 0.1720828125 0.556325 0.16875 0.556325 0.16875 0.550371875 0.1520828125 0.550371875 0.1520828125 0.5444203125 0.14875 0.5444203125 0.14875 0.550371875 0.1320828125 0.550371875 0.1320828125 0.556325 0.1254171875 0.556325 0.1254171875 0.5622765625 0.1220828125 0.5622765625 0.1220828125 0.57418125
4 0.5387500000000001 1 0.5387500000000001 0.9848953125 0.5320828125 0.9848953125 0.5320828125 0.97894375 0.5220828125 0.97894375 0.5220828125 0.9729906250000001 0.50875 0.9729906250000001 0.50875 0.97894375 0.4954171875 0.97894375 0.4954171875 0.9908484375000001 0.49208281249999997 0.9908484375000001 0.49208281249999997 1 0.5387500000000001 1
4 0.2254171875 0.7765625 0.2520828125 0.7765625 0.2520828125 0.770609375 0.25875 0.770609375 0.2620828125 0.7587046875000001 0.2654171875 0.7587046875000001 0.2654171875 0.7408484375 0.2620828125 0.7408484375 0.2620828125 0.7348953125000001 0.25541718750000003 0.7348953125000001 0.25541718750000003 0.72894375 0.21875 0.72894375 0.21875 0.7348953125000001 0.2120828125 0.7348953125000001 0.2120828125 0.7587046875000001 0.21875 0.7646578125 0.21875 0.770609375 0.2254171875 0.770609375 0.2254171875 0.7765625
4 0 0.6694203125 0.0054171875 0.6694203125 0.0054171875 0.6634671875 0.0120828125 0.6634671875 0.015417187500000002 0.6515625 0.01875 0.6515625 0.01875 0.6396578125 0.0120828125 0.6396578125 0.0120828125 0.6337046875000001 0 0.6337046875000001 0 0.6694203125
4 0.1220828125 0.8896578125 0.1654171875 0.8896578125 0.1654171875 0.8837046875000001 0.1754171875 0.8837046875000001 0.1754171875 0.8777531249999999 0.1820828125 0.8777531249999999 0.1820828125 0.8718 0.1854171875 0.8718 0.1854171875 0.85394375 0.17875000000000002 0.8479906250000001 0.17875000000000002 0.8420390624999999 0.1320828125 0.8420390624999999 0.1320828125 0.8479906250000001 0.1220828125 0.8479906250000001 0.1220828125 0.85394375 0.11875 0.85394375 0.11875 0.8837046875000001 0.1220828125 0.8837046875000001 0.1220828125 0.8896578125
4 0.4054171875 0.8479906250000001 0.40875000000000006 0.8479906250000001 0.40875000000000006 0.85394375 0.4154171875 0.85394375 0.4154171875 0.8598953125 0.4420828125 0.8598953125 0.4420828125 0.85394375 0.44875 0.85394375 0.44875 0.8479906250000001 0.45875000000000005 0.8479906250000001 0.45875000000000005 0.8420390624999999 0.46541718750000005 0.8420390624999999 0.46541718750000005 0.8360859375 0.47208281249999995 0.8360859375 0.47208281249999995 0.8301343749999999 0.4754171875 0.8301343749999999 0.4754171875 0.8122765624999999 0.47208281249999995 0.8122765624999999 0.47208281249999995 0.806325 0.4554171875 0.806325 0.4554171875 0.8003718750000001 0.42208281249999996 0.8003718750000001 0.42208281249999996 0.806325 0.40875000000000006 0.806325 0.40875000000000006 0.8182296875 0.4120828125 0.8182296875 0.4120828125 0.8360859375 0.4054171875 0.8420390624999999 0.4054171875 0.8479906250000001
4 0.3154171875 0.431325 0.32208281250000004 0.431325 0.32208281250000004 0.4372765625 0.33875 0.4372765625 0.33875 0.44322968749999997 0.36875 0.44322968749999997 0.36875 0.44918125 0.41875 0.44918125 0.41875 0.431325 0.4154171875 0.431325 0.4154171875 0.425371875 0.40875000000000006 0.425371875 0.40875000000000006 0.41942031249999995 0.3920828125 0.41942031249999995 0.3920828125 0.41346718750000006 0.36875 0.41346718750000006 0.36875 0.407515625 0.32208281250000004 0.407515625 0.32208281250000004 0.41346718750000006 0.3154171875 0.41346718750000006 0.3154171875 0.41942031249999995 0.31208281250000003 0.41942031249999995 0.31208281250000003 0.425371875 0.3154171875 0.425371875 0.3154171875 0.431325
4 0.2820828125 0.931325 0.3020828125 0.931325 0.3020828125 0.9253718750000001 0.30874999999999997 0.9253718750000001 0.30874999999999997 0.9194203125 0.31875 0.9194203125 0.31875 0.9134671875 0.3254171875 0.9134671875 0.32875 0.9015625 0.3320828125 0.9015625 0.3320828125 0.895609375 0.3354171875 0.895609375 0.3354171875 0.8837046875000001 0.32875 0.8777531249999999 0.32875 0.8718 0.3020828125 0.8658484375000001 0.3020828125 0.8598953125 0.2754171875 0.8598953125 0.2720828125 0.8837046875000001 0.2654171875 0.8896578125 0.2654171875 0.9134671875 0.2720828125 0.9194203125 0.2720828125 0.9253718750000001 0.2820828125 0.9253718750000001 0.2820828125 0.931325
4 0.51875 0.395609375 0.51875 0.4015625 0.49874999999999997 0.4015625 0.49874999999999997 0.407515625 0.4820828125 0.407515625 0.4820828125 0.41346718750000006 0.47208281249999995 0.41346718750000006 0.46875 0.425371875 0.46541718750000005 0.425371875 0.46541718750000005 0.4372765625 0.46875 0.4372765625 0.46875 0.44322968749999997 0.47874999999999995 0.44322968749999997 0.47874999999999995 0.44918125 0.4954171875 0.44918125 0.4954171875 0.455134375 0.5220828125 0.455134375 0.5254171875 0.44322968749999997 0.5287499999999999 0.44322968749999997 0.5287499999999999 0.4372765625 0.5320828125 0.4372765625 0.5320828125 0.431325 0.5420828125 0.431325 0.5420828125 0.425371875 0.55 0.425371875 0.55 0.3890625 0.52275 0.3890625 0.5220828125 0.3896578125 0.5220828125 0.395609375 0.51875 0.395609375
4 0 0.8122765624999999 0.008749999999999999 0.8122765624999999 0.008749999999999999 0.806325 0.01875 0.806325 0.01875 0.8003718750000001 0.028749999999999998 0.8003718750000001 0.028749999999999998 0.7944203125 0.0354171875 0.7944203125 0.03875 0.782515625 0.0420828125 0.782515625 0.0420828125 0.7646578125 0.03875 0.7646578125 0.03875 0.7587046875000001 0.008749999999999999 0.7587046875000001 0.008749999999999999 0.7646578125 0 0.7646578125 0 0.8122765624999999
4 0.5354171875 0.580134375 0.5220828125 0.580134375 0.5220828125 0.57418125 0.49874999999999997 0.5682296874999999 0.49874999999999997 0.5622765625 0.4620828125 0.5622765625 0.4620828125 0.5860859375 0.46541718750000005 0.5860859375 0.46541718750000005 0.597990625 0.46875 0.597990625 0.46541718750000005 0.6515625 0.46875 0.6515625 0.46875 0.6634671875 0.46541718750000005 0.6634671875 0.46541718750000005 0.6932296874999999 0.4620828125 0.6932296874999999 0.4620828125 0.705134375 0.45875000000000005 0.705134375 0.45875000000000005 0.722990625 0.46541718750000005 0.722990625 0.46541718750000005 0.72894375 0.48541718749999996 0.72894375 0.49208281249999997 0.7110859375 0.4954171875 0.7110859375 0.4954171875 0.69918125 0.5020828125000001 0.6932296874999999 0.5020828125000001 0.681325 0.50875 0.681325 0.5120828125 0.6694203125 0.5354171875 0.6634671875 0.5354171875 0.657515625 0.55 0.657515625 0.55 0.5922859375 0.54875 0.5920390624999999 0.54875 0.5860859375 0.5354171875 0.5860859375 0.5354171875 0.580134375
4 0.72118125 0.8871718749999999 0.74375 0.8732828125 0.7394093749999999 0.82544375 0.7576390625 0.7961234375 0.728125 0.77143125 0.6864578125 0.7745171875 0.6395828125 0.8100109375000001 0.630903125 0.853221875 0.64305625 0.881 0.685590625 0.8840859375000001 0.72118125 0.8871718749999999