4 0.63359375 0.45277812500000003 0.63359375 0.44305625 0.6265625 0.43333281250000005 0.5859375 0.427778125 0.5703125 0.4375 0.575 0.4486109375 0.58828125 0.45972187499999995 0.6234375 0.46527812500000004 0.63359375 0.45277812500000003
4 0.5453125 0.375 0.55078125 0.36805625000000003 0.55 0.3541671875 0.5390625 0.3333328125 0.51328125 0.3263890625 0.49375 0.33055625 0.48984375 0.3333328125 0.48984375 0.3388890625 0.5203125 0.375 0.5453125 0.375
4 0.5375 0.4166671875 0.5375 0.40833281250000003 0.53046875 0.4013890625 0.50234375 0.39444375 0.4703125 0.40416718749999997 0.44921875 0.41944375 0.47109375 0.43055625 0.50390625 0.43194375 0.5375 0.4166671875
4 0.525 0.6222218749999999 0.52265625 0.6125 0.5171875 0.6083328125 0.465625 0.5986109374999999 0.453125 0.6041671875 0.4515625 0.6208328125 0.47734375 0.6388890625 0.5078125 0.640278125 0.525 0.6222218749999999
4 0.709375 0.577778125 0.73203125 0.5763890625 0.74296875 0.5652781250000001 0.74296875 0.547221875 0.73671875 0.540278125 0.70234375 0.5291671874999999 0.68984375 0.5333328125000001 0.67890625 0.54444375 0.67578125 0.5541671874999999 0.67734375 0.5638890625 0.709375 0.577778125
4 0.81484375 0.7333328125 0.8359375 0.7208328125000001 0.8328125 0.7041671875 0.8140625 0.6791671874999999 0.78828125 0.66805625 0.77109375 0.6666671875 0.7625 0.672221875 0.7609375 0.6791671874999999 0.77890625 0.71805625 0.790625 0.73055625 0.81484375 0.7333328125
4 0.36328125 0.45277812500000003 0.38046875 0.45 0.440625 0.41944375 0.434375 0.40833281250000003 0.40703125 0.4 0.35078125 0.39444375 0.3265625 0.4 0.3234375 0.40694375000000005 0.33828125 0.42083281250000004 0.353125 0.447221875 0.36328125 0.45277812500000003
4 0.51796875 0.5388890625 0.52265625 0.5486109375 0.5546875 0.5666671875 0.584375 0.5680562499999999 0.6 0.5583328125 0.58671875 0.53194375 0.57734375 0.522221875 0.58046875 0.4888890625 0.5765625 0.48055624999999996 0.5609375 0.4736109375 0.51875 0.47083281250000003 0.509375 0.4736109375 0.50390625 0.48194375 0.50859375 0.49166718749999994 0.534375 0.5125 0.51796875 0.5388890625
4 0.36796875 0.6083328125 0.39765625 0.597221875 0.421875 0.5791671875 0.4375 0.5583328125 0.43203125 0.547221875 0.39296875 0.5291671874999999 0.36796875 0.525 0.3375 0.5416671875 0.32578125 0.5569437500000001 0.32421875 0.5736109375 0.3375 0.60694375 0.36796875 0.6083328125
4 0.58828125 0.8083328125 0.6296875 0.825 0.6453125 0.8236109375 0.65234375 0.8166671875 0.653125 0.7708328125 0.63828125 0.7361109375 0.6109375 0.7111109375 0.59140625 0.709721875 0.57421875 0.715278125 0.56640625 0.7236109374999999 0.5609375 0.7708328125 0.56796875 0.7875 0.58828125 0.8083328125
4 0.03359375 0.7444437500000001 0.03671875 0.75 0.05078125 0.7513890625 0.08828125 0.7333328125 0.1609375 0.677778125 0.17421875 0.6611109374999999 0.17265625 0.6541671874999999 0.1640625 0.6486109375 0.1234375 0.64305625 0.06796875 0.65 0.04921875 0.659721875 0.040625 0.6763890625 0.0421875 0.70694375 0.03359375 0.7444437500000001
4 0 0.45277812500000003 0.0578125 0.45555625 0.0890625 0.45 0.234375 0.397221875 0.24453125 0.384721875 0.23984375 0.3513890625 0.24609375 0.325 0.2359375 0.31388906250000004 0.225 0.3125 0.1984375 0.3263890625 0.1609375 0.3333328125 0.10234375 0.37222187500000004 0.021875 0.4 0.00859375 0.4125 0 0.43055625 0 0.45277812500000003
4 0.965625 1 0.95859375 0.9708328125 0.9625 0.9347218749999999 0.953125 0.9111109374999999 0.93984375 0.8930562500000001 0.9 0.859721875 0.875 0.8430562500000001 0.8546875 0.8416671875 0.815625 0.8513890625 0.790625 0.8875 0.78515625 0.9041671875 0.784375 0.9194437499999999 0.7953125 1 0.965625 1
4 0.2875 0.7527781250000001 0.27421875 0.7861109374999999 0.27265625 0.79444375 0.2765625 0.8083328125 0.26796875 0.85 0.2578125 0.8666671875 0.2515625 0.8861109375 0.2546875 0.91805625 0.24609375 0.9444437499999999 0.24375 0.9819437499999999 0.2578125 0.9888890625 0.2765625 0.9875 0.30390625 0.965278125 0.32265625 0.9611109375 0.346875 0.91805625 0.35078125 0.9013890625000001 0.3640625 0.884721875 0.375 0.852778125 0.39140625 0.7916671875 0.39140625 0.784721875 0.384375 0.772221875 0.38515625 0.75694375 0.37109375 0.7291671875 0.37734375 0.6861109375 0.3671875 0.675 0.33828125 0.6708328125 0.3234375 0.6736109375 0.31171875 0.6861109375 0.31015625 0.702778125 0.3125 0.7138890625000001 0.2875 0.7527781250000001