4 0.600909375 0.488 0.599090625 0.47000000000000003 0.5918187500000001 0.458 0.5672734375 0.454 0.5536359375 0.46399999999999997 0.55 0.48200000000000004 0.5818187499999999 0.5 0.5954546875 0.49800000000000005 0.600909375 0.488
4 0.6427265625 0.2 0.6354546875 0.184 0.6127265625 0.16599999999999998 0.6027265625 0.16599999999999998 0.5918187500000001 0.18 0.5945453125 0.202 0.62818125 0.21600000000000003 0.6436359375 0.21400000000000002 0.6427265625 0.2
4 0.5681812500000001 0.268 0.55181875 0.248 0.500909375 0.236 0.4936359375 0.244 0.4927265625 0.254 0.5127265624999999 0.272 0.5572734374999999 0.27599999999999997 0.5681812500000001 0.268
4 0.4263640625 0.23199999999999998 0.4245453125 0.22400000000000003 0.41363593749999994 0.21800000000000003 0.36181874999999997 0.21600000000000003 0.35545468750000003 0.22000000000000003 0.35545468750000003 0.23199999999999998 0.37181875 0.25 0.409090625 0.25 0.4263640625 0.23199999999999998
4 0.7727265625 0.48 0.7645453125 0.46399999999999997 0.7363640625000001 0.45 0.720909375 0.466 0.7245453125 0.484 0.76818125 0.512 0.7745453125 0.506 0.7727265625 0.48
4 0.4636359375 0.434 0.49181875 0.43 0.4927265625 0.41200000000000003 0.4872734375 0.38 0.47181875 0.374 0.44090937500000005 0.382 0.43181875 0.39 0.42818125 0.40599999999999997 0.43636406250000004 0.42000000000000004 0.4636359375 0.434
4 0.21909062499999998 0.6759999999999999 0.23818125 0.67 0.25 0.6559999999999999 0.2472734375 0.63 0.2272734375 0.608 0.21000000000000002 0.602 0.1927265625 0.61 0.1845453125 0.622 0.1854546875 0.662 0.1963640625 0.674 0.21909062499999998 0.6759999999999999
4 0.449090625 0.156 0.46818125000000005 0.174 0.51181875 0.176 0.5254546875 0.152 0.5636359375 0.15 0.5736359375 0.13999999999999999 0.55181875 0.12 0.4945453125 0.10800000000000001 0.4845453125 0.11599999999999999 0.4845453125 0.132 0.48909062499999995 0.13999999999999999 0.45818125 0.144 0.449090625 0.156
4 0.6236359375 0.298 0.6900000000000001 0.306 0.6972734375 0.322 0.7145453125000001 0.33799999999999997 0.7554546875 0.33999999999999997 0.770909375 0.32999999999999996 0.7672734375 0.314 0.7572734375 0.308 0.7045453125 0.302 0.700909375 0.274 0.6654546875 0.254 0.6636359374999999 0.24 0.6599999999999999 0.24 0.65 0.254 0.6163640625 0.262 0.60818125 0.27599999999999997 0.60818125 0.284 0.6236359375 0.298
4 0.389090625 0.65 0.44090937500000005 0.654 0.45636406249999995 0.648 0.480909375 0.604 0.4863640625 0.584 0.47818125 0.572 0.4536359375 0.5700000000000001 0.4254546875 0.5740000000000001 0.39909062500000003 0.5900000000000001 0.3863640625 0.608 0.379090625 0.634 0.389090625 0.65
4 0.370909375 0.528 0.37727343750000003 0.52 0.38181875 0.5 0.37818125 0.48200000000000004 0.3672734375 0.472 0.3027265625 0.454 0.27818125 0.476 0.26818125 0.52 0.2872734375 0.534 0.33999999999999997 0.536 0.370909375 0.528
4 0.7672734375 0.666 0.8163640624999999 0.67 0.8254546875000001 0.662 0.8300000000000001 0.648 0.8300000000000001 0.632 0.8109093749999999 0.572 0.7954546875 0.55 0.779090625 0.542 0.7645453125 0.5860000000000001 0.7345453125 0.588 0.7345453125 0.632 0.7454546875 0.65 0.7672734375 0.666
4 0.45818125 0.8460000000000001 0.4627265625 0.836 0.459090625 0.8039999999999999 0.4627265625 0.784 0.4436359375 0.764 0.43 0.738 0.41545468750000003 0.734 0.369090625 0.77 0.369090625 0.8240000000000001 0.379090625 0.8400000000000001 0.3954546875 0.8480000000000001 0.45818125 0.8460000000000001
4 0.75818125 0.8300000000000001 0.8136359375 0.8859999999999999 0.8809093750000001 0.9019999999999999 0.9172734374999999 0.9 0.92818125 0.8880000000000001 0.9236359375 0.8720000000000001 0.9036359375 0.8640000000000001 0.89818125 0.8539999999999999 0.889090625 0.8039999999999999 0.88818125 0.778 0.8718187500000001 0.73 0.85 0.712 0.83181875 0.71 0.7854546874999999 0.726 0.75818125 0.752 0.75 0.772 0.749090625 0.8099999999999999 0.75818125 0.8300000000000001