4 0 0.4796875 0.141903125 0.4796875 0.13485468750000001 0.4262265625 0.1850015625 0.3322671875 0.1879515625 0.2718640625 0.1378046875 0.2315953125 0.0758578125 0.2315953125 0 0.31089375 0 0.4796875
4 0.62126875 0.4560859375 0.6122578125 0.4796875 0.6647546875 0.4796875 0.694625 0.469478125 0.6876828125000001 0.4386328125 0.628675 0.4448015625 0.62126875 0.4560859375
4 0.647265625 0.3767578125 0.64921875 0.3845703125 0.6609375 0.3904296875 0.6765625 0.3748046875 0.6560546875 0.36796875 0.647265625 0.3767578125
4 0.994921875 0.2185546875 0.9724609375 0.21953125 0.9421875 0.2361328125 0.9431640625 0.24296875 0.965625 0.2419921875 0.9841796875 0.237109375 0.994921875 0.2185546875
4 0.89250625 0.3619953125 0.9327562500000001 0.3560265625 0.9747140625 0.3252140625 0.9728296875 0.3142125 0.9271375000000001 0.32390625 0.8800015625000001 0.3191625 0.843584375 0.31370468749999997 0.8224609375 0.3252890625 0.822009375 0.35119375 0.8639015625 0.3508453125 0.8879812499999999 0.3562265625 0.89250625 0.3619953125
4 0.8778406249999999 0.2503484375 0.8534828125 0.24749062500000002 0.8305374999999999 0.2581203125 0.8268375000000001 0.2892578125 0.8624437500000001 0.27923437500000003 0.8822453124999999 0.2629609375 0.8778406249999999 0.2503484375
4 0.070146875 0.6915171875 0.070146875 0.7022328124999999 0.11650468750000001 0.7272328124999999 0.1926640625 0.712946875 0.1926640625 0.6772328125 0.136371875 0.6665171875 0.070146875 0.6915171875
4 0.3847171875 0.7415171875000001 0.3847171875 0.7522328125 0.47412031250000003 0.7736609375 0.6 0.765828125 0.6 0.736053125 0.5602125 0.712946875 0.46418593750000003 0.6986609374999999 0.44431875 0.734375 0.3847171875 0.7415171875000001
4 0.49729999999999996 0.659375 0.45094218750000004 0.6486609375 0.4178296875 0.6022328124999999 0.23239843750000003 0.5986609374999999 0.12975 0.5772328124999999 0.093325 0.5950890625 0.3747828125 0.6236609375 0.371471875 0.6450890625000001 0.255578125 0.655803125 0.2920015625 0.680803125 0.503921875 0.6736609375 0.49729999999999996 0.659375
4 0.47743125 0.9165171875 0.46418593750000003 0.8950890625 0.42114062499999994 0.8736609375000001 0.2953125 0.8772328125 0.285378125 0.8522328124999999 0.2953125 0.8379468749999999 0.3416703125 0.8200890624999999 0.35491562499999996 0.7915171875 0.288690625 0.7700890625000001 0.18272968750000002 0.780803125 0.14630625 0.755803125 0.0999484375 0.755803125 0.033723437499999995 0.8022328125 0.04365625 0.8486609375 0.07676875 0.8700890625 0.2489546875 0.8879468749999999 0.321803125 0.937946875 0.454253125 0.937946875 0.47743125 0.9165171875
4 1 0.5491484375 0.9902546875 0.5326531250000001 0.9601734375 0.5305953125 0.9185203124999999 0.5305953125 0.948309375 0.5697671875 0.9141203125 0.5547328125 0.9428171875 0.5758359375000001 0.9567015624999999 0.59434375 1 0.578953125 1 0.5491484375
4 0.698396875 0.8144765625 0.74005 0.7712921875000001 0.718065625 0.7527859375 0.718065625 0.7507296875 0.7038421875 0.7492953124999999 0.6798859375 0.78363125 0.6509609375000001 0.832984375 0.6694718749999999 0.8576609375 0.698396875 0.8144765625
4 0.928009375 0.62880625 0.9462890625 0.6580921875 0.9671140625 0.6251890625 0.9428171875 0.6066828125 0.928009375 0.62880625
4 1 0.5259968749999999 0.9998046875 0.52578125 0.9724609375 0.519921875 0.9021484375 0.5375 0.89921875 0.5443359375 0.920703125 0.5599609375 0.91875 0.5697265625 0.93046875 0.5814453125 0.9548828125 0.56875 0.9919921875 0.574609375 1 0.568975 1 0.5259968749999999