4 1 0.1319359375 0.9289156249999999 0.11063125 0.7088375 0.08485781249999999 0.654784375 0.1054765625 0.5814250000000001 0.182796875 0.5814250000000001 0.20857031250000002 0.6084515625 0.23434218750000002 0.78991875 0.25496093750000004 0.8787218749999999 0.3374359375 0.990690625 0.33228125 1 0.3447078125 1 0.1319359375
4 0.1561015625 1 0.19107968749999998 0.97371875 0.18017031249999998 0.9245390625000001 0.13289843750000002 0.9081453125 0.176534375 0.8535 0.1219890625 0.842571875 0.11471562500000002 0.7715328125 0.012898437500000002 0.69503125 0 0.6900968749999999 0 1 0.1561015625 1
4 0.3685421875 0.7584375 0.441875 0.7534375 0.39187500000000003 0.7384375000000001 0.3685421875 0.7584375
4 0.7852078125 0.8284375 0.751875 0.8234375 0.7318749999999999 0.8434375 0.791875 0.8484375 0.7852078125 0.8284375
4 0.6929171875 1 0.6852078125000001 0.9884375000000001 0.6285421875 0.9884375000000001 0.61890625 1 0.6929171875 1
4 0.5385421874999999 0.8284375 0.5952078125 0.8184374999999999 0.5852078125 0.7934375 0.5352078125 0.7934375 0.5085421875 0.8134375 0.5385421874999999 0.8284375
4 0.7318749999999999 0.7534375 0.691875 0.7484375 0.6452078125 0.7734375 0.7685421875 0.7834375 0.7318749999999999 0.7534375
4 0.521875 0.8484375 0.4152078125 0.8334374999999999 0.3352078125 0.8534375000000001 0.4852078125 0.8684375 0.521875 0.8484375
4 0.8279171875 1 0.881875 0.9934375 0.8618750000000001 0.9734375 0.811875 0.9684375 0.721875 0.9884375000000001 0.7430734375 1 0.8279171875 1
4 0.5143515625 1 0.5152078125 0.9884375000000001 0.4285421875 0.9734375 0.41854218750000005 0.9934375 0.42291718749999996 1 0.5143515625 1
4 0.3952078125 0.9434374999999999 0.5085421875 0.9484375 0.521875 0.9684375 0.5785421875 0.9534375 0.5752078125 0.9384375 0.44520781249999997 0.9134375 0.3952078125 0.9434374999999999
4 1 0.9184374999999999 0.971875 0.9184374999999999 0.8785421875000001 0.9334374999999999 0.8052078125 0.8884375 0.561875 0.8734375 0.5385421874999999 0.8884375 0.8418749999999999 0.9234375 0.8852078125 0.9584374999999999 0.9985421875 0.9534375 1 0.9521875 1 0.9184374999999999