4 0.509090625 0.311475 0.5236359375 0.3224046875 0.5818187499999999 0.31694062500000003 0.52 0.300546875 0.509090625 0.311475
4 0.31636406250000004 0.4699453125 0.32727343750000004 0.480875 0.3745453125 0.4699453125 0.3236359375 0.45355156250000006 0.31636406250000004 0.4699453125
4 0.5963640625 0.4371578125 0.5527265625 0.41529999999999995 0.549090625 0.45355156250000006 0.5963640625 0.4371578125
4 0.890909375 0.4426234375 0.85818125 0.41529999999999995 0.8109093749999999 0.4371578125 0.890909375 0.4426234375
4 0.130909375 0.7814203125 0.1636359375 0.77595625 0.15636406249999998 0.7377046875 0.13818125 0.7377046875 0.130909375 0.7814203125
4 0.2036359375 0.480875 0.2363640625 0.491803125 0.2654546875 0.475409375 0.23272656249999998 0.45355156250000006 0.2036359375 0.480875
4 0.89818125 0.5136609375 0.9345453125000001 0.5136609375 0.9236359375 0.480875 0.8800000000000001 0.480875 0.89818125 0.5136609375
4 0.29090937499999997 0.5519125 0.2763640625 0.5628421875 0.27999999999999997 0.5847 0.3236359375 0.5847 0.31636406250000004 0.5519125 0.29090937499999997 0.5519125
4 0.1672734375 0.6174859374999999 0.229090625 0.6065578125 0.22181875 0.5847 0.1854546875 0.5847 0.1672734375 0.6174859374999999
4 0.6654546875 0.39890781249999996 0.66181875 0.42076562500000003 0.6836359375 0.4371578125 0.7127265625 0.43169375 0.7018187499999999 0.404371875 0.6654546875 0.39890781249999996
4 0.77818125 0.56830625 0.7527265625 0.579234375 0.7527265625 0.6065578125 0.8 0.612021875 0.8036359375 0.595628125 0.77818125 0.56830625
4 0.7563640625 0.5027328125 0.8072734374999999 0.4972671875 0.7854546874999999 0.459015625 0.7563640625 0.45355156250000006 0.7563640625 0.5027328125
4 0.9563640625 0.688525 0.9854546875000001 0.7377046875 0.970909375 0.803278125 0.9963640625 0.8142078125 0.9963640625 0.6939890625 0.9563640625 0.688525
4 0.5636359375 0.8306015625000001 0.66181875 0.8415296874999999 0.650909375 0.8142078125 0.589090625 0.7978140625 0.5636359375 0.8306015625000001
4 0.6145453125 0.491803125 0.5927265625 0.5191250000000001 0.6545453125 0.53551875 0.690909375 0.5136609375 0.669090625 0.491803125 0.6145453125 0.491803125
4 0.47636406249999996 0.36065625 0.43636406250000004 0.36065625 0.3927265625 0.39890781249999996 0.389090625 0.42622968749999995 0.43272656249999997 0.43169375 0.48 0.3770484375 0.47636406249999996 0.36065625
4 0.6581812499999999 0.6284156249999999 0.5454546875 0.6065578125 0.5345453124999999 0.612021875 0.5381812499999999 0.63934375 0.5927265625 0.67213125 0.6327265625 0.6666671875 0.6581812499999999 0.6284156249999999
4 0.9127265625 0.748634375 0.94181875 0.7377046875 0.94181875 0.688525 0.9199999999999999 0.6557375000000001 0.8436359375 0.644809375 0.8 0.67213125 0.82181875 0.699453125 0.9090906249999999 0.6939890625 0.90181875 0.7267765625 0.9127265625 0.748634375
4 0.73818125 0.267759375 0.6945453125000001 0.3060109375 0.9454546875000001 0.32786875000000004 0.94181875 0.311475 0.8109093749999999 0.267759375 0.73818125 0.267759375
4 0.410909375 1 0.37818125 0.923496875 0.29818125 0.9125687499999999 0.27999999999999997 0.9508203125 0.2872734375 1 0.410909375 1
4 0.4254546875 0.6557375000000001 0.410909375 0.63934375 0.3636359375 0.63934375 0.34181875 0.6557375000000001 0.34181875 0.6775953125 0.4 0.7103828125 0.4254546875 0.699453125 0.4254546875 0.6557375000000001