4 0.6923890625 0.633740625 0.722275 0.6311265625 0.7231453125 0.6410890625000001 0.7430703125 0.6393453124999999 0.743940625 0.6493078125 0.8335984375000001 0.6414625 0.8344703125 0.6514249999999999 0.8743187499999999 0.6479390625 0.873446875 0.6379765625 0.9730656249999999 0.6292609375 0.9713234375 0.6093375 0.9513984375 0.61108125 0.950528125 0.60111875 0.9007171875 0.6054765625 0.899846875 0.5955140625 0.8699609374999999 0.5981296875 0.8690890625 0.5881671875000001 0.77943125 0.5960109375 0.780303125 0.6059734375 0.72053125 0.6112031250000001 0.7214031249999999 0.6211640625 0.6915171875 0.6237796875 0.6923890625 0.633740625
4 0.668228125 0.8165421875 0.727128125 0.8013515625000001 0.7262578125 0.7913890625 0.74618125 0.7896453125 0.7453093749999999 0.779684375 0.755271875 0.7788125 0.7517859375 0.7389640625 0.7219 0.7415796875 0.721028125 0.7316171875 0.5715984375 0.7446906249999999 0.5724703124999999 0.754653125 0.542584375 0.7572671875 0.544328125 0.777190625 0.5651234374999999 0.7854109375 0.5677375 0.8152953125 0.5777 0.814425 0.5794421875 0.8343484374999999 0.6691 0.8265046875 0.668228125 0.8165421875
4 0.39390468749999996 0.5494343749999999 0.35405625 0.552921875 0.354928125 0.5628828125 0.32504218749999997 0.5654984375 0.3259140625 0.575459375 0.315953125 0.57633125 0.3176953125 0.5962546875 0.297771875 0.5979984375 0.2995140625 0.6179218750000001 0.3094765625 0.61705 0.31034843749999996 0.6270125 0.320309375 0.626140625 0.3194390625 0.6161796875000001 0.43898125 0.6057203125 0.43985312499999996 0.6156828125 0.5295109375 0.6078390625 0.5286390625 0.5978765625 0.558525 0.5952609375 0.5576531250000001 0.5852999999999999 0.5875390625 0.582684375 0.5849249999999999 0.5528 0.5450765625 0.5562859375 0.533371875 0.5372328125 0.44371406249999995 0.5450765625 0.44284375000000004 0.535115625 0.3930328125 0.5394734375 0.39390468749999996 0.5494343749999999
4 0.8876953125 0.9296875 0.8740234375 0.927734375 0.8115234375 0.935546875 0.80078125 0.9482421875 0.8076171875 0.966796875 0.8212890625 0.97265625 0.8515625 0.9716796875 0.9365234375 0.9609375 0.94140625 0.9326171875 0.8994140625 0.92578125 0.8984375 0.9326171875 0.8896484375 0.935546875 0.8876953125 0.9296875
4 0.4755859375 0.44140625 0.5078125 0.4404296875 0.5283203125 0.439453125 0.537109375 0.4326171875 0.5341796875 0.427734375 0.5126953125 0.427734375 0.474609375 0.4345703125 0.4755859375 0.44140625
4 0.263671875 0.4716796875 0.3134765625 0.466796875 0.31640625 0.4599609375 0.2705078125 0.458984375 0.236328125 0.4658203125 0.2392578125 0.47265625 0.263671875 0.4716796875
4 0.1240234375 0.47265625 0.126953125 0.4580078125 0.076171875 0.4580078125 0.0791015625 0.4765625 0.10546875 0.4755859375 0.1240234375 0.47265625
4 0.6474609375 0.337890625 0.6484375 0.3291015625 0.5859375 0.3349609375 0.5869140625 0.341796875 0.611328125 0.3408203125 0.6474609375 0.337890625
4 0.83984375 0.3916015625 0.8779296875 0.388671875 0.890625 0.3818359375 0.8662109375 0.376953125 0.802734375 0.3857421875 0.8037109375 0.392578125 0.83984375 0.3916015625
4 0.833984375 0.4423828125 0.8779296875 0.439453125 0.896484375 0.4306640625 0.8798828125 0.42578125 0.810546875 0.4365234375 0.8173828125 0.443359375 0.833984375 0.4423828125
4 0.7412109375 0.26953125 0.751953125 0.2607421875 0.671875 0.2666015625 0.6748046875 0.2734375 0.705078125 0.2724609375 0.7412109375 0.26953125
4 0.538584375 0.4455765625 0.5416671875 0.4453125 0.5932828125 0.4424140625 0.624196875 0.42725625 0.6246546875 0.4067796875 0.581278125 0.4085078125 0.5382687500000001 0.40752187500000003 0.538584375 0.4455765625
4 0.315215625 0.4019375 0.3723953125 0.3932296875 0.33752499999999996 0.37561093749999996 0.2603359375 0.37689218750000003 0.22564687499999997 0.3963515625 0.2531234375 0.40734843749999994 0.315215625 0.4019375
4 0.156534375 0.3350328125 0.1309109375 0.350890625 0.150065625 0.36650625 0.1848953125 0.3515625 0.156534375 0.3350328125
4 0.8203125 0.3671875 0.789509375 0.339121875 0.715159375 0.34512343749999996 0.7132562499999999 0.3676859375 0.757059375 0.374521875 0.8203125 0.3671875
4 0.5242203125 0.49523906249999994 0.534525 0.521525 0.5958249999999999 0.524475 0.6765640625 0.5141296875 0.7439671875 0.510996875 0.7994796875 0.5130203125 0.771046875 0.482309375 0.71045 0.476878125 0.6451515624999999 0.47870937500000005 0.5723671875 0.48352031249999994 0.5242203125 0.49523906249999994
4 0.260609375 0.512309375 0.38220156250000004 0.5063890625 0.5130203125 0.4869796875 0.4923703125 0.4622796875 0.40765312500000006 0.46413125 0.28030468750000004 0.4780375 0.21335781250000002 0.4911390625 0.260609375 0.512309375