4 0 0.5696375 0.0142578125 0.5611953125 0.0494140625 0.5012218749999999 0.0767578125 0.488184375 0.116796875 0.35650468750000003 0.0318359375 0.3317328125 0 0.3338578125 0 0.5696375
4 0.7568328125 0.5009375 0.7581671875 0.5129374999999999 0.7795 0.5189375 0.8021671874999999 0.5089375 0.7968328125 0.49693750000000003 0.7688328125 0.4949375 0.7568328125 0.5009375
4 0.9355 0.7309375 0.9741671875 0.7289375 0.9568328125000001 0.7149375 0.9075 0.7109375 0.9088328125 0.7189375 0.9355 0.7309375
4 0.4048328125 0.40093750000000006 0.3890625 0.40093750000000006 0.3890625 0.42445000000000005 0.3901671875 0.42493749999999997 0.4048328125 0.42093749999999996 0.41016718750000003 0.40893750000000006 0.4048328125 0.40093750000000006
4 0.8448328125 0.6629375 0.8421671875 0.6729375 0.8581671875 0.6829375 0.8928328125 0.6749375 0.8835000000000001 0.6609375 0.8634999999999999 0.6569375 0.8448328125 0.6629375
4 0.6288328125 0.5009375 0.6288328125 0.5069375 0.6741671874999999 0.5229375 0.6928328125000001 0.5129374999999999 0.6808328125 0.49693750000000003 0.6528328125 0.49693750000000003 0.6288328125 0.5009375
4 0.4941671875 0.4989375 0.5235000000000001 0.5149375 0.5395 0.5149375 0.5555 0.49693750000000003 0.5421671875 0.48693749999999997 0.4968328125 0.48693749999999997 0.4941671875 0.4989375
4 0.5608328124999999 0.6829375 0.6115 0.6849375 0.5955 0.6609375 0.5595 0.6489375 0.5528328124999999 0.6669375 0.5608328124999999 0.6829375
4 0.46616718749999997 0.3949375 0.46616718749999997 0.4109375 0.4768328125 0.42093749999999996 0.5448328124999999 0.40893750000000006 0.5128328125 0.3889375 0.4715 0.3869375 0.46616718749999997 0.3949375
4 0.4741671875 0.7109375 0.43550000000000005 0.7189375 0.42750000000000005 0.7309375 0.483321875 0.759375 0.5260484375 0.759375 0.5341671875 0.7489375 0.5328328124999999 0.7369375 0.5181671875 0.7209375 0.4741671875 0.7109375
4 0 0.9848593749999999 0.0138546875 0.97425625 0.0138546875 0.9623515625 0.0505203125 0.9028281249999999 0.0905203125 0.8611609375 0.1371875 0.7897328124999999 0.1638546875 0.765921875 0.1631203125 0.759375 0.0975203125 0.759375 0.0905203125 0.771875 0.0871875 0.795684375 0.0238546875 0.9028281249999999 0 0.9183171874999999 0 0.9848593749999999
4 0.191428125 1 0.2171875 0.8671125 0.26385468749999996 0.8075890625 0.27973593750000003 0.759375 0.2254546875 0.759375 0.1771875 0.8671125 0.14052031250000002 0.9921125 0.1414046875 1 0.191428125 1