4 0.2665890625 0 0.26280468749999997 0.013240625 0.26656562500000003 0.11324062500000001 0.30791875 0.118503125 0.48460937499999995 0.060607812500000004 0.5297234375000001 0.023767187500000002 0.531509375 0 0.2665890625 0
4 0.14724375 0.5925203125 0.22724375000000002 0.597984375 0.19815312499999999 0.5761265625 0.14724375 0.5925203125
4 0.23815312500000002 0.4613734375 0.3036078125 0.45044375 0.2854265625 0.4285859375 0.23815312500000002 0.4613734375
4 0.2817890625 0.537875 0.24906250000000002 0.5269468749999999 0.23088125 0.5542687500000001 0.27088125 0.559734375 0.2817890625 0.537875
4 0.4417890625 0.6744875 0.40542656250000003 0.65809375 0.3836078125 0.6963453125 0.42724375 0.6963453125 0.4417890625 0.6744875
4 0.61875 0.39930625000000003 0.61875 0.3575484375 0.6090625000000001 0.3575484375 0.59088125 0.37940625 0.59088125 0.4121921875 0.61875 0.39930625000000003
4 0 0.554003125 0.10724375 0.5488046875 0.0090625 0.5214828125000001 0 0.541909375 0 0.554003125
4 0.5254265625000001 0.5269468749999999 0.4926984375 0.494159375 0.5363359375 0.47230156250000005 0.59088125 0.47230156250000005 0.6054265625 0.494159375 0.61875 0.49051875 0.61875 0.43921093750000006 0.5363359375 0.43404999999999994 0.46724375 0.48323124999999995 0.45269843749999994 0.537875 0.5254265625000001 0.5269468749999999
4 0.139971875 0.7783125 0.1617890625 0.7291328125 0.259971875 0.7018093750000001 0.19815312499999999 0.6799515625 0.11451718749999999 0.69088125 0.10724375 0.734596875 0.059971874999999994 0.734596875 0.03088125 0.8056359375 0.0745171875 0.8165640625 0.0854265625 0.7947062500000001 0.139971875 0.7783125
4 0.61875 0.4886953125 0.5945171874999999 0.4886953125 0.4926984375 0.5050890625 0.61875 0.5327124999999999 0.61875 0.4886953125
4 0.81875 0.528125 0.8087500000000001 0.528125 0.8087500000000001 0.5181250000000001 0.7787499999999999 0.5181250000000001 0.7787499999999999 0.5081249999999999 0.75875 0.5081249999999999 0.75875 0.49812500000000004 0.6587500000000001 0.49812500000000004 0.6587500000000001 0.5081249999999999 0.6287499999999999 0.5081249999999999 0.61875 0.528125 0.61875 0.558125 0.61875 0.568125 0.79875 0.568125 0.8087500000000001 0.548125 0.81875 0.548125 0.81875 0.528125
4 0.67875 0.328125 0.67875 0.338125 0.66875 0.338125 0.66875 0.348125 0.67875 0.348125 0.67875 0.35812499999999997 0.72875 0.35812499999999997 0.72875 0.378125 0.74875 0.378125 0.74875 0.398125 0.72875 0.40812499999999996 0.72875 0.438125 0.74875 0.448125 0.74875 0.458125 0.76875 0.458125 0.76875 0.468125 0.85875 0.468125 0.85875 0.458125 0.89875 0.458125 0.9087500000000001 0.438125 0.91875 0.438125 0.9087500000000001 0.418125 0.89875 0.418125 0.89875 0.378125 0.9087500000000001 0.378125 0.9087500000000001 0.35812499999999997 0.8887499999999999 0.348125 0.8887499999999999 0.338125 0.86875 0.338125 0.86875 0.328125 0.8387499999999999 0.328125 0.8387499999999999 0.318125 0.81875 0.318125 0.81875 0.308125 0.79875 0.308125 0.79875 0.29812500000000003 0.7787499999999999 0.29812500000000003 0.77421875 0.2890625 0.70875 0.2890625 0.70875 0.308125 0.68875 0.318125 0.68875 0.328125 0.67875 0.328125
4 0.79875 0.9081250000000001 0.81875 0.9081250000000001 0.82875 0.8881249999999999 0.8387499999999999 0.8881249999999999 0.8387499999999999 0.8481249999999999 0.8487500000000001 0.8481249999999999 0.8487500000000001 0.838125 0.89875 0.838125 0.89875 0.818125 0.8787499999999999 0.8081250000000001 0.8787499999999999 0.798125 0.85875 0.798125 0.85875 0.788125 0.8487500000000001 0.788125 0.8487500000000001 0.7681250000000001 0.8387499999999999 0.7681250000000001 0.8387499999999999 0.7581249999999999 0.81875 0.7581249999999999 0.81875 0.748125 0.76875 0.748125 0.76875 0.7581249999999999 0.74875 0.7681250000000001 0.74875 0.778125 0.73875 0.778125 0.73875 0.788125 0.6487499999999999 0.788125 0.6487499999999999 0.798125 0.6287499999999999 0.798125 0.6287499999999999 0.8081250000000001 0.61875 0.8081250000000001 0.61875 0.9081250000000001 0.68875 0.9081250000000001 0.68875 0.9181250000000001 0.79875 0.9181250000000001 0.79875 0.9081250000000001