4 0.8945453125 0.37158437499999997 0.8363640625000001 0.355190625 0.8363640625000001 0.3770484375 0.8945453125 0.37158437499999997
4 0.33818125 0.579234375 0.309090625 0.5573765625 0.25818125 0.5737703125 0.33818125 0.579234375
4 0.41454531250000004 0.43169375 0.3963640625 0.4098359375 0.349090625 0.4426234375 0.41454531250000004 0.43169375
4 0.34181875 0.53551875 0.38181875 0.5409843750000001 0.3927265625 0.5191250000000001 0.36 0.508196875 0.34181875 0.53551875
4 0.73818125 0.612021875 0.7236359375 0.6284156249999999 0.730909375 0.644809375 0.7636359374999999 0.644809375 0.76 0.612021875 0.73818125 0.612021875
4 0.4945453125 0.6775953125 0.5381812499999999 0.6775953125 0.5527265625 0.6557375000000001 0.5163640625 0.63934375 0.4945453125 0.6775953125
4 0.72 0.3387984375 0.7018187499999999 0.36065625 0.7018187499999999 0.3934421875 0.749090625 0.37158437499999997 0.74181875 0.3387984375 0.72 0.3387984375
4 0.21818125 0.5300546875000001 0.12 0.5027328125 0.1054546875 0.53551875 0.21818125 0.5300546875000001
4 0.6472734375 0.45355156250000006 0.7018187499999999 0.45355156250000006 0.7163640625000001 0.475409375 0.7563640625 0.46448124999999996 0.7345453125 0.42076562500000003 0.6472734375 0.41529999999999995 0.57818125 0.46448124999999996 0.5636359375 0.5191250000000001 0.6363640625 0.508196875 0.6036359375 0.475409375 0.6472734375 0.45355156250000006
4 0 0.9344265625 0.109090625 0.939890625 0.13454531249999999 0.9180328125000001 0.14181875 0.8633875 0.08363593750000001 0.8579234375 0 0.8907109375 0 0.9344265625
4 0.1854546875 0.7978140625 0.1963640625 0.77595625 0.250909375 0.7595625 0.2727265625 0.7103828125 0.370909375 0.683059375 0.309090625 0.6612015625 0.2254546875 0.67213125 0.21818125 0.715846875 0.170909375 0.715846875 0.14181875 0.7868859375 0.1854546875 0.7978140625
4 0.850909375 0.36065625 0.8290906250000001 0.387978125 0.8545453125 0.4098359375 0.9054546875 0.387978125 0.90181875 0.3661203125 0.850909375 0.36065625
4 0.7054546875 0.4699453125 0.6036359375 0.48633906250000003 0.77818125 0.524590625 0.8763640625000001 0.4972671875 0.8363640625000001 0.4699453125 0.7054546875 0.4699453125
4 0.8036359375 0.6338796875 0.8 0.595628125 0.8327265625000001 0.5464484374999999 0.8327265625000001 0.5300546875000001 0.8109093749999999 0.5300546875000001 0.770909375 0.5409843750000001 0.6872734375 0.683059375 0.7345453125 0.699453125 0.7854546874999999 0.67213125 0.8036359375 0.6338796875