4 0.1221125 0.2443390625 0.10696093749999999 0.411878125 0.1183234375 0.5375328125000001 0.1713546875 0.54276875 0.1827171875 0.584653125 0.32665781250000003 0.568946875 0.45 0.46922968750000005 0.45 0.30908125000000003 0.3986265625 0.2443390625 0.228171875 0.2076890625 0.18650625 0.18151250000000002 0.1221125 0.2443390625
4 0.5555203125 0.6220984374999999 0.5555203125 0.604240625 0.5421875 0.5982890624999999 0.5421875 0.604240625 0.5321875 0.604240625 0.5321875 0.61019375 0.5288546875 0.61019375 0.5288546875 0.62805 0.5321875 0.62805 0.5321875 0.6296875 0.5421875 0.6296875 0.5421875 0.62805 0.5521874999999999 0.62805 0.5521874999999999 0.6220984374999999 0.5555203125 0.6220984374999999
4 0.6288546875 0.3244796875 0.6621875 0.3244796875 0.6621875 0.3185265625 0.6688546875 0.3185265625 0.6688546875 0.306621875 0.6621875 0.306621875 0.6621875 0.3006703125 0.6321875 0.3006703125 0.6321875 0.306621875 0.6255203125000001 0.306621875 0.6255203125000001 0.312575 0.6221875 0.312575 0.6221875 0.3185265625 0.6288546875 0.3185265625 0.6288546875 0.3244796875
4 0.6188546875000001 0.2173359375 0.6255203125000001 0.2173359375 0.6255203125000001 0.2232890625 0.6755203125 0.2232890625 0.6755203125 0.2173359375 0.6821875000000001 0.2173359375 0.6821875000000001 0.20543125 0.6788546875 0.20543125 0.6788546875 0.1994796875 0.6655203125 0.1935265625 0.6655203125 0.1994796875 0.6421875 0.1994796875 0.6421875 0.20543125 0.6255203125000001 0.20543125 0.6255203125000001 0.211384375 0.6188546875000001 0.211384375 0.6188546875000001 0.2173359375
4 0.5455203125 0.25305 0.5788546875 0.25305 0.5788546875 0.2470984375 0.5855203125 0.2470984375 0.5855203125 0.2411453125 0.5921875 0.2411453125 0.5921875 0.23519375 0.5988546875 0.23519375 0.5988546875 0.229240625 0.6055203125 0.229240625 0.6055203125 0.2232890625 0.5988546875 0.2232890625 0.5988546875 0.2173359375 0.5688546875 0.2173359375 0.5688546875 0.2232890625 0.5555203125 0.2232890625 0.5555203125 0.229240625 0.5488546875 0.229240625 0.5488546875 0.23519375 0.5455203125 0.23519375 0.5455203125 0.25305
4 0.7921875 0.5447171875000001 0.8188546875 0.5447171875000001 0.8188546875 0.5328125 0.8221875000000001 0.5328125 0.8221875000000001 0.50305 0.8188546875 0.50305 0.8188546875 0.49114531250000004 0.8121875 0.48519375 0.8121875 0.479240625 0.8055203125 0.479240625 0.8055203125 0.48519375 0.7921875 0.48519375 0.7888546875 0.49709843749999993 0.7855203125 0.49709843749999993 0.7855203125 0.5328125 0.7921875 0.538765625 0.7921875 0.5447171875000001
4 0.9555203125 0.44352656250000005 0.9488546875000001 0.44352656250000005 0.9488546875000001 0.44947968749999995 0.9355203124999999 0.44947968749999995 0.9355203124999999 0.44352656250000005 0.8988546875000001 0.44352656250000005 0.8955203125000001 0.45543125 0.9021874999999999 0.461384375 0.9021874999999999 0.4673359375 0.9088546875000001 0.4673359375 0.9088546875000001 0.47328906249999997 0.9355203124999999 0.47328906249999997 0.9355203124999999 0.4673359375 0.9455203125 0.4673359375 0.9488546875000001 0.45543125 0.9555203125 0.45543125 0.9555203125 0.44947968749999995 0.9688546875 0.44947968749999995 0.9688546875 0.44352656250000005 0.9788546874999999 0.44352656250000005 0.9788546874999999 0.437575 0.9921875 0.431621875 0.9955203125000001 0.41971718750000003 0.9988546875000001 0.41971718750000003 0.9955203125000001 0.4078125 0.9721875000000001 0.4078125 0.9721875000000001 0.413765625 0.9655203125 0.413765625 0.9655203125 0.41971718750000003 0.9588546875 0.41971718750000003 0.9588546875 0.4256703125 0.9555203125 0.4256703125 0.9555203125 0.44352656250000005
4 0.9421875 0.2947171875 0.9288546875 0.3006703125 0.9288546875 0.306621875 0.9188546875 0.306621875 0.9188546875 0.312575 0.9121874999999999 0.312575 0.9121874999999999 0.3185265625 0.9021874999999999 0.3185265625 0.9021874999999999 0.3244796875 0.8955203125000001 0.3244796875 0.8955203125000001 0.33043125 0.8888546875 0.33043125 0.8888546875 0.336384375 0.8821875 0.336384375 0.8821875 0.33043125 0.8621874999999999 0.33043125 0.8621874999999999 0.336384375 0.8521875 0.336384375 0.8521875 0.3423359375 0.9555203125 0.3423359375 0.9555203125 0.336384375 0.9688546875 0.336384375 0.9688546875 0.33043125 0.9755203124999999 0.33043125 0.9821875 0.312575 0.9855203124999999 0.312575 0.9855203124999999 0.306621875 0.9888546874999999 0.306621875 0.9888546874999999 0.3006703125 0.9921875 0.3006703125 0.9921875 0.2947171875 0.9955203125000001 0.2947171875 0.9955203125000001 0.2828125 0.9988546875000001 0.2828125 0.9988546875000001 0.276859375 0.9955203125000001 0.276859375 0.9955203125000001 0.2649546875 0.9855203124999999 0.2649546875 0.9855203124999999 0.259003125 0.9621875 0.259003125 0.9621875 0.2649546875 0.9521875 0.2649546875 0.9488546875000001 0.276859375 0.9455203125 0.276859375 0.9455203125 0.288765625 0.9421875 0.288765625 0.9421875 0.2947171875
4 0.5921875 0.44352656250000005 0.49552031249999995 0.44947968749999995 0.49552031249999995 0.45543125 0.48218750000000005 0.45543125 0.4788546875 0.47328906249999997 0.5021875 0.49114531250000004 0.5855203125 0.49114531250000004 0.5855203125 0.48519375 0.6055203125 0.48519375 0.6055203125 0.479240625 0.6288546875 0.479240625 0.6288546875 0.47328906249999997 0.6721874999999999 0.47328906249999997 0.6988546875 0.45543125 0.7021875 0.44352656250000005 0.7088546874999999 0.44352656250000005 0.7255203125 0.41971718750000003 0.7155203125 0.401859375 0.7021875 0.401859375 0.7021875 0.4078125 0.6621875 0.413765625 0.6621875 0.41971718750000003 0.6355203125 0.41971718750000003 0.6221875 0.431621875 0.5921875 0.437575 0.5921875 0.44352656250000005
4 0.5855203125 0.6161453125 0.5855203125 0.5923359375 0.5821875000000001 0.5923359375 0.5821875000000001 0.586384375 0.5688546875 0.586384375 0.5688546875 0.58043125 0.5488546875 0.58043125 0.5488546875 0.586384375 0.5388546875 0.586384375 0.5388546875 0.58043125 0.5288546875 0.58043125 0.5288546875 0.586384375 0.48218750000000005 0.586384375 0.48218750000000005 0.5923359375 0.4655203125 0.5923359375 0.46218750000000003 0.604240625 0.45885468749999997 0.604240625 0.45885468749999997 0.6161453125 0.45218749999999996 0.6220984374999999 0.45218749999999996 0.62805 0.4555203125 0.62805 0.4555203125 0.6296875 0.5767296875000001 0.6296875 0.5788546875 0.6220984374999999 0.5821875000000001 0.6220984374999999 0.5821875000000001 0.6161453125 0.5855203125 0.6161453125
4 0.7221875 0.50305 0.7188546875 0.50305 0.7188546875 0.5149546875000001 0.7255203125 0.5209078125 0.7255203125 0.526859375 0.7321875 0.526859375 0.7321875 0.5328125 0.7388546875 0.5328125 0.7388546875 0.538765625 0.7455203125 0.538765625 0.7455203125 0.5447171875000001 0.7688546875 0.5506703125 0.7688546875 0.556621875 0.8288546875 0.556621875 0.8288546875 0.5506703125 0.8721875000000001 0.5506703125 0.8721875000000001 0.5447171875000001 0.8755203125 0.5447171875000001 0.8755203125 0.5328125 0.8721875000000001 0.5328125 0.8721875000000001 0.526859375 0.8588546875 0.5209078125 0.8521875 0.50305 0.8388546874999999 0.49709843749999993 0.8388546874999999 0.49114531250000004 0.8321875000000001 0.49114531250000004 0.8321875000000001 0.48519375 0.8255203124999999 0.48519375 0.8255203124999999 0.479240625 0.8155203125 0.479240625 0.8155203125 0.47328906249999997 0.7855203125 0.47328906249999997 0.7855203125 0.479240625 0.7455203125 0.479240625 0.7455203125 0.48519375 0.7321875 0.48519375 0.7321875 0.49114531250000004 0.7255203125 0.49114531250000004 0.7221875 0.50305
4 0.3871765625 1 0.3947421875 0.9980328125 0.4086546875 0.9915578125 0.433871875 0.9915578125 0.4425671875 0.9886796875 0.45 0.98289375 0.45 0.8497406249999999 0.4390890625 0.8505515625 0.3982203125 0.8447953125 0.37387187499999996 0.8361625 0.36169843749999997 0.8253703124999999 0.35822031249999997 0.8138609375 0.3521328125 0.8088234375000001 0.30517656249999997 0.8059468750000001 0.30169843749999997 0.7987515625 0.30691562499999997 0.7922781249999999 0.29648125 0.79011875 0.2886546875 0.79659375 0.286046875 0.77716875 0.273003125 0.7750109375 0.16604687499999998 0.8059468750000001 0.09648124999999999 0.8376015625000001 0.0356109375 0.8527093750000001 0 0.8641140625 0 0.9479234375000001 0.006915625 0.9498312500000001 0.0547421875 0.9498312500000001 0.0625671875 0.9476734375 0.09474218749999999 0.9498312500000001 0.1312640625 0.9742921875 0.133871875 0.9879609374999999 0.1312640625 0.9987515625000001 0.1326046875 1 0.3871765625 1
4 0.8582078125000001 1 0.8543406250000001 0.9885421875 0.8447921875000001 0.9422453125000001 0.7979171875 0.9329859375 0.7345484375 0.92835625 0.6494796875 0.9484187500000001 0.6729171875 0.9777390625000001 0.7278734375 1 0.8582078125000001 1
4 0.6486109375 0.8805171875 0.6364578125 0.8928625 0.665971875 0.9345296875000001 0.7293406250000001 0.9237265625 0.7701390625 0.9237265625 0.8230906250000001 0.9052078124999999 0.7970484375 0.885146875 0.76493125 0.8635421875 0.7145828125 0.8697140624999999 0.69288125 0.8836031249999999 0.6486109375 0.8805171875