4 0 0.470125 0.015542187499999999 0.48072968749999995 0.091878125 0.4703125 0.126228125 0.3713546875 0.1338625 0.2984375 0.06515937499999999 0.2098953125 0.0689765625 0.1005203125 0 0.0691453125 0 0.470125
4 1 0.51429375 0.925496875 0.4774421875 0.8972359375 0.480675 0.88696875 0.5230171875 0.9350140625 0.559375 1 0.559375 1 0.51429375
4 0.5376734375 0.4925078125 0.6114421875 0.45477187499999994 0.6653796875 0.4196984375 0.5483703125 0.446075 0.5376734375 0.4925078125
4 0.9177734375 0.5421875 0.944140625 0.5470703125 0.94609375 0.5373046875 0.96171875 0.5275390625 0.959765625 0.5041015625 0.9060546875 0.466015625 0.8943359375 0.46796875 0.881640625 0.4943359375 0.88359375 0.5099609375 0.9177734375 0.5421875
4 1 0.5288546875 0.9880859375 0.520703125 0.9626953125 0.520703125 0.959765625 0.5041015625 0.9333984375 0.481640625 0.9177734375 0.477734375 0.9060546875 0.466015625 0.8943359375 0.46796875 0.881640625 0.4943359375 0.8875 0.5177734375 0.9197265625 0.544140625 0.94609375 0.5490234375 0.94609375 0.5431640625 0.9626953125 0.532421875 0.9900390625 0.540234375 1 0.5361328125 1 0.5288546875
4 0.7283203125 0.493359375 0.733203125 0.4865234375 0.6384765625 0.471875 0.60625 0.4748046875 0.6091796875 0.48359375 0.6501953125 0.497265625 0.70390625 0.4982421875 0.7283203125 0.493359375
4 1 0.47566406250000004 0.9958984375 0.469921875 0.9802734375 0.46796875 0.975390625 0.4728515625 0.9822265625 0.48359375 0.996875 0.4865234375 1 0.4787109375 1 0.47566406250000004
4 0.612109375 0.4591796875 0.6462890625 0.45625 0.6833984375 0.442578125 0.68828125 0.4337890625 0.6853515625 0.42890625 0.6482421875 0.430859375 0.5828125 0.4513671875 0.5916015625 0.46015625 0.612109375 0.4591796875
4 0.9212578125 0.45235000000000003 0.912259375 0.4365546875 0.8914031250000001 0.4332421875 0.87045 0.4373890625 0.8794906250000001 0.45563125 0.900834375 0.453103125 0.9212578125 0.45235000000000003
4 0.8482796875 0.51415625 0.8724984375 0.5165640625 0.8746484375 0.5055359375 0.8496265624999999 0.49674218750000004 0.8166234375 0.4931984375 0.796053125 0.49224687500000003 0.7955687499999999 0.500896875 0.808 0.5086968749999999 0.8482796875 0.51415625
4 0.9254749999999999 0.44037812499999995 0.9374265625 0.44763906249999996 0.9411968749999999 0.4332375 0.9220375000000001 0.42804843750000005 0.9254749999999999 0.44037812499999995
4 0.888575 0.41359531250000003 0.8722921875 0.410146875 0.849278125 0.40729375 0.8486343749999999 0.41879218749999997 0.861709375 0.4230578125 0.8784921875 0.4256640625 0.888575 0.41359531250000003
4 0.7722781249999999 0.3979171875 0.7583562500000001 0.40404687499999997 0.7729296875 0.410040625 0.7925875 0.40868281250000005 0.794109375 0.40128906249999996 0.7722781249999999 0.3979171875
4 0.3732640625 0.661515625 0.363715625 0.6769484375 0.3697921875 0.7047265625 0.3671875 0.7232453125 0.3671875 0.7494796874999999 0.3619796875 0.7757140625 0.3671875 0.808121875 0.371528125 0.8281828125 0.4123265625 0.8451578124999999 0.4704859375 0.8467015625000001 0.503471875 0.8328125 0.503471875 0.81429375 0.48871562500000004 0.78034375 0.48784687499999996 0.7571953125 0.49565937499999996 0.7463921874999999 0.4939234375 0.7232453125 0.4869796875 0.7047265625 0.48524375 0.6738625 0.4748265625 0.63528125 0.4609375 0.6167625 0.4583328125 0.6059609375 0.43402812500000004 0.6059609375 0.4279515625 0.593615625 0.40711875 0.5874421875 0.3845484375 0.5967015625000001 0.3802078125 0.6229359375 0.37413124999999997 0.63528125 0.3732640625 0.661515625