4 0.71 0.7202375 0.7133328125 0.7202375 0.7133328125 0.726190625 0.72 0.726190625 0.72 0.7321421875 0.75 0.7321421875 0.75 0.726190625 0.7566671875 0.726190625 0.7566671875 0.7083328125 0.7533328125 0.7083328125 0.7533328125 0.70238125 0.74 0.70238125 0.74 0.696428125 0.72 0.696428125 0.72 0.70238125 0.7133328125 0.70238125 0.7133328125 0.7083328125 0.71 0.7083328125 0.71 0.7202375
4 0.43333281250000005 0.7083328125 0.44000000000000006 0.7083328125 0.44000000000000006 0.7142859374999999 0.4466671875 0.7142859374999999 0.4466671875 0.7083328125 0.45999999999999996 0.7083328125 0.45999999999999996 0.70238125 0.47000000000000003 0.70238125 0.47000000000000003 0.696428125 0.48 0.696428125 0.48 0.6904765625 0.4866671875 0.6904765625 0.4866671875 0.678571875 0.48333281250000004 0.678571875 0.48333281250000004 0.67261875 0.44000000000000006 0.67261875 0.44000000000000006 0.678571875 0.43333281250000005 0.678571875 0.43 0.70238125 0.43333281250000005 0.70238125 0.43333281250000005 0.7083328125
4 0.6433328125 0.5357140625000001 0.6366671875 0.5357140625000001 0.6366671875 0.553571875 0.65 0.5595234375 0.65 0.5654765625 0.6599999999999999 0.5654765625 0.6599999999999999 0.571428125 0.6933328125 0.571428125 0.6933328125 0.5654765625 0.7033328125 0.5654765625 0.7033328125 0.5595234375 0.7066671875 0.5595234375 0.71 0.5357140625000001 0.7066671875 0.5357140625000001 0.7066671875 0.523809375 0.7033328125 0.523809375 0.7033328125 0.5178578125 0.6966671875 0.5178578125 0.6966671875 0.5119046875000001 0.6766671875 0.5119046875000001 0.6766671875 0.5178578125 0.6599999999999999 0.5178578125 0.6599999999999999 0.523809375 0.6466671875000001 0.523809375 0.6433328125 0.5357140625000001
4 0.7233328125 0.8035718749999999 0.72 0.8035718749999999 0.72 0.8333328124999999 0.7266671875 0.8392859375 0.7266671875 0.8511906249999999 0.7333328125 0.8571421875 0.7333328125 0.8630953124999999 0.7366671874999999 0.8630953124999999 0.7366671874999999 0.8690468750000001 0.7433328125 0.8690468750000001 0.7433328125 0.875 0.76 0.875 0.76 0.8690468750000001 0.77 0.8690468750000001 0.77 0.8630953124999999 0.7766671875 0.8630953124999999 0.78 0.8392859375 0.7766671875 0.8392859375 0.7766671875 0.8214281250000001 0.7733328125 0.8214281250000001 0.7733328125 0.8095234375 0.7666671875 0.8035718749999999 0.7666671875 0.79761875 0.76 0.79761875 0.7566671875 0.7857140625000001 0.7466671875 0.7857140625000001 0.7466671875 0.7797625 0.74 0.7797625 0.74 0.7857140625000001 0.73 0.7857140625000001 0.73 0.7916671875 0.7233328125 0.7916671875 0.7233328125 0.8035718749999999
4 0.3766671875 0.5833328125 0.3733328125 0.5833328125 0.3733328125 0.619046875 0.38 0.625 0.38 0.630953125 0.3866671875 0.630953125 0.3866671875 0.6369046875000001 0.4233328125 0.6369046875000001 0.4233328125 0.630953125 0.43333281250000005 0.630953125 0.43333281250000005 0.625 0.4433328125 0.625 0.4466671875 0.6130953124999999 0.45 0.6130953124999999 0.45 0.6071421875 0.45333281249999996 0.6071421875 0.45333281249999996 0.5833328125 0.4466671875 0.57738125 0.4466671875 0.571428125 0.44000000000000006 0.571428125 0.44000000000000006 0.5654765625 0.43 0.5654765625 0.43 0.5595234375 0.39 0.5595234375 0.39 0.5654765625 0.3833328125 0.5654765625 0.38 0.57738125 0.3766671875 0.57738125 0.3766671875 0.5833328125
4 0.6333328125000001 0.8214281250000001 0.62 0.82738125 0.62 0.8333328124999999 0.6133328125 0.8333328124999999 0.6133328125 0.8392859375 0.6033328124999999 0.8392859375 0.6033328124999999 0.8452375 0.5866671875 0.8452375 0.5866671875 0.8511906249999999 0.5666671875 0.8511906249999999 0.5666671875 0.8571421875 0.5566671875 0.8571421875 0.5566671875 0.8630953124999999 0.5533328125 0.8630953124999999 0.5533328125 0.875 0.5599999999999999 0.875 0.5633328125 0.8869046875000001 0.58 0.8869046875000001 0.58 0.8809531249999999 0.5933328125 0.8809531249999999 0.5933328125 0.875 0.6166671874999999 0.875 0.6166671874999999 0.8809531249999999 0.6266671875000001 0.8809531249999999 0.6266671875000001 0.8869046875000001 0.64 0.8869046875000001 0.64 0.8928578125 0.6466671875000001 0.8928578125 0.6466671875000001 0.8869046875000001 0.6599999999999999 0.8809531249999999 0.6633328125 0.8690468750000001 0.6666671875 0.8690468750000001 0.6666671875 0.8214281250000001 0.6633328125 0.8214281250000001 0.6633328125 0.8095234375 0.6566671875 0.8035718749999999 0.6566671875 0.79761875 0.6533328125 0.79761875 0.6533328125 0.8035718749999999 0.64 0.8035718749999999 0.6366671875 0.8154765625 0.6333328125000001 0.8154765625 0.6333328125000001 0.8214281250000001
4 0.6066671875 0.4583328125 0.6 0.4583328125 0.6 0.46428593749999997 0.58 0.4702375 0.58 0.476190625 0.5766671875 0.476190625 0.5766671875 0.505953125 0.5733328125 0.505953125 0.5733328125 0.5119046875000001 0.5666671875 0.5119046875000001 0.5666671875 0.5178578125 0.5599999999999999 0.5178578125 0.5566671875 0.5297625 0.55 0.5297625 0.5466671875 0.5416671875 0.5433328125 0.5416671875 0.5433328125 0.5595234375 0.55 0.5595234375 0.55 0.5654765625 0.5633328125 0.5654765625 0.5633328125 0.5595234375 0.5733328125 0.5595234375 0.58 0.5416671875 0.5933328125 0.5357140625000001 0.5933328125 0.5297625 0.6 0.5297625 0.6033328124999999 0.5178578125 0.61 0.5178578125 0.61 0.5119046875000001 0.6333328125000001 0.5119046875000001 0.6333328125000001 0.505953125 0.65 0.505953125 0.65 0.5 0.6666671875 0.5 0.6666671875 0.494046875 0.6733328125 0.494046875 0.6766671875 0.48214218750000004 0.6799999999999999 0.48214218750000004 0.6799999999999999 0.476190625 0.6766671875 0.476190625 0.6766671875 0.46428593749999997 0.6666671875 0.45238125 0.6666671875 0.446428125 0.64 0.44047656249999995 0.64 0.446428125 0.6166671874999999 0.446428125 0.6166671874999999 0.45238125 0.6066671875 0.45238125 0.6066671875 0.4583328125
4 0.63 0.6547625 0.6233328124999999 0.6547625 0.6166671874999999 0.67261875 0.6133328125 0.67261875 0.6133328125 0.678571875 0.6066671875 0.678571875 0.6066671875 0.6845234375 0.5700000000000001 0.6904765625 0.5633328125 0.7083328125 0.5599999999999999 0.7083328125 0.5599999999999999 0.726190625 0.5533328125 0.7321421875 0.5533328125 0.744046875 0.55 0.744046875 0.5533328125 0.7678578125 0.5700000000000001 0.7678578125 0.5700000000000001 0.7619046875000001 0.5900000000000001 0.755953125 0.5900000000000001 0.75 0.6066671875 0.75 0.6066671875 0.744046875 0.6133328125 0.744046875 0.6133328125 0.7380953124999999 0.62 0.7380953124999999 0.6266671875000001 0.7202375 0.63 0.7202375 0.63 0.7142859374999999 0.6333328125000001 0.7142859374999999 0.6333328125000001 0.7083328125 0.6433328125 0.7083328125 0.6433328125 0.70238125 0.6633328125 0.70238125 0.6633328125 0.696428125 0.67 0.696428125 0.6766671875 0.678571875 0.6799999999999999 0.678571875 0.6833328125 0.6547625 0.6866671875 0.6547625 0.6866671875 0.6428578125 0.6833328125 0.6428578125 0.6833328125 0.6369046875000001 0.64 0.6369046875000001 0.64 0.6428578125 0.6333328125000001 0.6428578125 0.6333328125000001 0.648809375 0.63 0.648809375 0.63 0.6547625
4 0.41 1 0.41 0.9940468750000001 0.41333281250000004 0.9940468750000001 0.41333281250000004 0.9821421875 0.4166671875 0.9821421875 0.4166671875 0.9642859375 0.4233328125 0.9583328124999999 0.4266671875 0.9345234375 0.44000000000000006 0.9166671875000001 0.44000000000000006 0.9047625 0.4466671875 0.9047625 0.45999999999999996 0.875 0.4633328125 0.875 0.4633328125 0.8690468750000001 0.47000000000000003 0.8690468750000001 0.4733328125 0.8571421875 0.47666718750000003 0.8571421875 0.47666718750000003 0.8452375 0.48 0.8452375 0.48 0.8095234375 0.47666718750000003 0.8095234375 0.47666718750000003 0.79761875 0.4733328125 0.79761875 0.4733328125 0.7916671875 0.46666718749999997 0.7916671875 0.46666718749999997 0.7857140625000001 0.4633328125 0.7857140625000001 0.4633328125 0.773809375 0.45999999999999996 0.773809375 0.45999999999999996 0.7678578125 0.43 0.7678578125 0.43 0.773809375 0.4233328125 0.773809375 0.4233328125 0.7797625 0.4166671875 0.7797625 0.4166671875 0.7916671875 0.41333281250000004 0.7916671875 0.41333281250000004 0.82738125 0.4166671875 0.82738125 0.42000000000000004 0.8571421875 0.4233328125 0.8571421875 0.4233328125 0.8988093750000001 0.41333281250000004 0.9107140625 0.41333281250000004 0.92261875 0.39666718749999996 0.9464281250000001 0.39666718749999996 0.95238125 0.3933328125 0.95238125 0.3933328125 0.9583328124999999 0.3866671875 0.9583328124999999 0.3833328125 0.9702375 0.38 0.9702375 0.38 0.9821421875 0.3766671875 0.9821421875 0.3766671875 0.9940468750000001 0.3733328125 0.9940468750000001 0.3733328125 1 0.41 1
4 0.0633328125 1 0.0733328125 0.9821421875 0.08 0.9821421875 0.08333281249999999 0.9702375 0.09 0.9702375 0.1 0.9464281250000001 0.1066671875 0.9464281250000001 0.12 0.92261875 0.1266671875 0.92261875 0.14666718750000002 0.8869046875000001 0.1533328125 0.8869046875000001 0.1666671875 0.8630953124999999 0.1666671875 0.8511906249999999 0.16999999999999998 0.8511906249999999 0.16999999999999998 0.8154765625 0.1666671875 0.8095234375 0.14666718750000002 0.8095234375 0.1366671875 0.82738125 0.13 0.82738125 0.1266671875 0.8392859375 0.0733328125 0.8571421875 0.0733328125 0.8630953124999999 0.05333281250000001 0.8690468750000001 0.05333281250000001 0.875 0.04 0.875 0.04 0.8809531249999999 0.03 0.8809531249999999 0.03 0.8869046875000001 0.02 0.8869046875000001 0.02 0.8928578125 0.0066671875 0.8988093750000001 0 0.9107140625 0 1 0.0633328125 1
4 0.1866671875 1 0.2433328125 0.9047625 0.27 0.8869046875000001 0.27999999999999997 0.8630953124999999 0.28666718750000003 0.8630953124999999 0.3033328125 0.8333328124999999 0.3033328125 0.8154765625 0.3133328125 0.8035718749999999 0.3133328125 0.7916671875 0.3233328125 0.7857140625000001 0.3633328125 0.7202375 0.36 0.6904765625 0.3266671875 0.6904765625 0.3166671875 0.6845234375 0.32 0.6607140625000001 0.27999999999999997 0.6547625 0.26333281249999996 0.67261875 0.26333281249999996 0.7202375 0.22000000000000003 0.7857140625000001 0.21333281249999997 0.82738125 0.20333281250000002 0.8452375 0.1933328125 0.9166671875000001 0.1666671875 0.9583328124999999 0.1566671875 1 0.1866671875 1
4 0.8733328124999999 1 0.8800000000000001 0.9166671875000001 0.8866671875 0.9047625 0.8800000000000001 0.8392859375 0.89 0.8095234375 0.8633328125 0.726190625 0.8566671875 0.726190625 0.8533328125 0.7142859374999999 0.8366671875 0.7142859374999999 0.8366671875 0.744046875 0.86 0.7857140625000001 0.8666671875 0.8333328124999999 0.8300000000000001 0.9047625 0.8233328125 0.9047625 0.8166671875 0.92261875 0.8 0.92261875 0.7766671875 0.9107140625 0.73 0.9166671875000001 0.7233328125 0.9047625 0.7033328125 0.8988093750000001 0.6799999999999999 0.9047625 0.6633328125 0.9166671875000001 0.6466671875000001 0.9464281250000001 0.6466671875000001 1 0.8333328124999999 1 0.8366671875 0.9821421875 0.85 0.9821421875 0.86 1 0.8733328124999999 1