15 0.815203125 0.7555416671875 0.769275 0.7329645828125 0.7012765625 0.7213166671875 0.6624109375 0.7269 0.6462109375 0.7166625 0.6285734374999999 0.7163479171875 0.574325 0.7272791671875 0.5418125 0.7606583328125 0.5371937499999999 0.7845833328125 0.54559375 0.8327479171875 0.56486875 0.8456354171875 0.5589921875 0.8868666671875 0.5812999999999999 0.9026937500000001 0.6287296875 0.9197583328125001 0.7528374999999999 0.9314645828125 0.817715625 0.8716979171875 0.819975 0.8123979171875 0.815203125 0.7555416671875
15 0.4840671875 0.4820125 0.4686859375 0.5300020828124999 0.54133125 0.5500895828125001 0.6157171875 0.5224958328125 0.7023671874999999 0.5134375 0.72815625 0.5290895828125 0.7614359375 0.5152416671875 0.8639906249999999 0.49135625000000005 0.83165625 0.45497708281250004 0.776728125 0.4314479171875 0.6809296875 0.41352083281249996 0.5581296874999999 0.4267604171875 0.4840671875 0.4820125
15 0.7741718750000001 0.38926875 0.8213453124999999 0.3741020828125 0.8297546875 0.3664666671875 0.8292437500000001 0.35672291718750004 0.8180671875 0.34895624999999997 0.780640625 0.3446125 0.693065625 0.3547354171875 0.6673250000000001 0.36790416718749996 0.670090625 0.38331041718750003 0.6991078125 0.3952895828125 0.7741718750000001 0.38926875
15 0.54765625 0.36339791718750003 0.56078125 0.3709854171875 0.6028249999999999 0.3700020828125 0.6270249999999999 0.36480833281249997 0.6553312499999999 0.34455 0.6880453125 0.33366666718750004 0.696353125 0.3240833328125 0.6891765624999999 0.3178979171875 0.624778125 0.3219458328125 0.5630437500000001 0.3394479171875 0.5489921875 0.3515270828125 0.54765625 0.36339791718750003
10 0.415778125 0.4060416671875 0.40234375 0.4112104171875 0.386753125 0.4312645828125 0.392084375 0.4395770828125 0.4320765625 0.43682708281249993 0.47740312500000004 0.42379166718750005 0.48919843749999997 0.40605 0.46838281249999997 0.40113750000000004 0.415778125 0.4060416671875
10 0.782909375 0.275875 0.7322515625 0.2805979171875 0.7007671875 0.29626041718749996 0.7120453125 0.3059770828125 0.7756234375 0.30494374999999996 0.8133609375 0.29653125 0.817771875 0.2873083328125 0.8025968750000001 0.27795625 0.782909375 0.275875
10 0.6422171875 0.2811604171875 0.6998484375 0.278725 0.723946875 0.2715833328125 0.7263078125 0.2605958328125 0.6917515625 0.25500625 0.632684375 0.2673666671875 0.6331953125 0.2771083328125 0.6422171875 0.2811604171875
10 0.4562921875 0.3572333328125 0.4153765625 0.36104791718749996 0.3958890625 0.3814645828125 0.41106406250000005 0.39081875 0.4491078125 0.38825 0.47330937500000003 0.38305625 0.48356562500000005 0.3732895828125 0.4812078125 0.36567916718750004 0.4562921875 0.3572333328125
10 0.3507734375 0.3611979171875 0.402353125 0.3554104171875 0.4147625 0.3493583328125 0.42471249999999994 0.3337458328125 0.366878125 0.3322854171875 0.3411375 0.3454541671875 0.34175 0.35714375 0.3507734375 0.3611979171875
10 0.598128125 0.2617770828125 0.6459140624999999 0.25830000000000003 0.6737046875 0.24689999999999998 0.676065625 0.2359104171875 0.6183328125 0.2363979171875 0.5990546875 0.2421125 0.5887984375 0.2518791671875 0.598128125 0.2617770828125
10 0.41374843749999995 0.2926729171875 0.45015 0.29613125 0.4686125 0.27483124999999997 0.46799843750000003 0.2631416671875 0.460821875 0.25695833281249997 0.433646875 0.26145 0.4084171875 0.2843604171875 0.41374843749999995 0.2926729171875