15 0.21587968750000003 0.8560333328124999 0.23650156249999998 0.8554979171875001 0.2726734375 0.8420729171874999 0.28213125 0.8323916671875 0.282896875 0.8207187499999999 0.263296875 0.8056875 0.2023421875 0.80838125 0.1829 0.8208166671875 0.179934375 0.8361562499999999 0.1955140625 0.8526770828125001 0.21587968750000003 0.8560333328124999
15 0.6137625 0.82794375 0.6260749999999999 0.8195770828125 0.6286578125 0.8100770828125 0.6222796875000001 0.7877666671875 0.600734375 0.7725083328125 0.5618203125 0.76796875 0.5183921875 0.7874104171874999 0.5280078125000001 0.8051979171875001 0.5551203124999999 0.8103208328125 0.5835390625 0.8253999999999999 0.6137625 0.82794375
15 0.6712343749999999 0.96796875 0.6901640625 0.9633145828125 0.708171875 0.94286875 0.70711875 0.9290208328125 0.6953015625 0.9148999999999999 0.6553359375000001 0.8965125 0.6162953124999999 0.8939187499999999 0.6050187499999999 0.9014270828125 0.6050500000000001 0.9308395828125 0.6201203125 0.9551437500000001 0.6712343749999999 0.96796875
15 0.8180296874999999 0.8223645828124999 0.8338656249999999 0.83499375 0.8660328125 0.8377666671874999 0.8789984375 0.8343770828125001 0.8857296874999999 0.8214395828125 0.9117906250000001 0.8127145828125 0.9152828124999999 0.8042999999999999 0.8923015624999999 0.7810333328125 0.8714109375 0.7707541671875 0.8480624999999999 0.7680291671874999 0.8275984375000001 0.79603125 0.8180296874999999 0.8223645828124999
15 0.9690390624999999 1 0.970696875 0.9607479171875 0.949421875 0.9563062499999999 0.9402046875 0.9473895828125001 0.8705421875000001 0.93338125 0.8547359374999999 0.9501625 0.8630609375 0.9727 0.8294734375000001 0.976625 0.8286109375 1 0.9442187499999999 1 0.9447953124999999 0.9969395828125001 0.9576281249999999 1 0.9690390624999999 1
15 0 0.9264916671875 0.013109375000000001 0.9284479171875001 0.049934374999999996 0.9199999999999999 0.059775 0.9044833328124999 0.058595312499999996 0.8925812499999999 0.0352328125 0.8751520828125001 0 0.8652541671874999 0 0.9264916671875
15 0.14469218749999999 0.7457791671875 0.1357296875 0.7329687500000001 0.1543890625 0.7175 0.15061093750000001 0.7003958328125 0.12544375000000002 0.6954979171875 0.10365781249999999 0.6988395828125 0.0922546875 0.7082916671875 0.09136093749999999 0.7219125 0.072828125 0.7354354171875 0.06935156249999999 0.75855625 0.04498125 0.7713979171875 0.050834375 0.7867854171875 0.0786 0.7968854171875 0.111278125 0.791875 0.1255203125 0.7690291671875 0.144053125 0.75550625 0.14469218749999999 0.7457791671875
10 0.30243125000000004 0.5230270828125 0.3131796875 0.5085958328125 0.29605156250000003 0.5007166671875 0.31225625 0.49280416718750003 0.31393125 0.4822166671875 0.272815625 0.48134166718750004 0.26945 0.4878104171875 0.27866875 0.4967270828125 0.2544265625 0.507625 0.2750625 0.5217958328125001 0.2609328125 0.5279895828125001 0.262240625 0.5379437499999999 0.27275 0.5421104171875 0.2740578125 0.5520666671875001 0.2885859375 0.5547416671875001 0.3133390625 0.5360625 0.311903125 0.5280541671875 0.30243125000000004 0.5230270828125
10 0.4747640625 0.6156708328125 0.46061874999999997 0.6071604171875 0.43143281250000004 0.6037541671875 0.43141875 0.5890479171874999 0.4163640625 0.57945 0.43631562500000004 0.5592312500000001 0.457575 0.5489666671875 0.4579578125 0.5431291671875 0.449521875 0.53724375 0.3908953125 0.5343270828125 0.3814375 0.54400625 0.3989796875 0.5754625 0.374865625 0.5844125 0.38771875 0.597675 0.3791703125 0.6084416671875 0.39500625 0.6210729171875 0.4544140625 0.6270208328125 0.46712499999999996 0.627525 0.4747640625 0.6156708328125
10 0.34635937499999997 0.73499375 0.392146875 0.7393541671875 0.41469843749999996 0.7243395828125 0.4172828125 0.7148375 0.411046875 0.7052875000000001 0.3585140625 0.6991604171875 0.3392 0.70965 0.34635937499999997 0.73499375
10 0.2311859375 0.60784375 0.26335312499999997 0.6106166671875 0.27813750000000004 0.6094 0.289796875 0.59605625 0.28135937499999997 0.5901708328125 0.2443921875 0.5858583328125 0.22702343749999998 0.596575 0.2311859375 0.60784375
10 0.1713140625 0.6537958328125 0.1622390625 0.6576375 0.16185624999999998 0.663475 0.1775640625 0.6780520828125 0.207403125 0.6864333328125001 0.23424375 0.6807416671875 0.24201250000000002 0.66694375 0.22786562500000002 0.65843125 0.1713140625 0.6537958328125
10 0 0.5989416671875001 0.00251875 0.5968541671875001 0.0591984375 0.5995458328125001 0.063075 0.5852916671874999 0.084078125 0.5789208328125001 0.08744375 0.57245 0.079390625 0.5607270828125 0.059934375 0.5584583328125 0.0544796875 0.5519395828125 0.0483875 0.55515 0.048371874999999995 0.54044375 0.07846718750000001 0.5449354171875 0.1145109375 0.53345625 0.1389921875 0.5039625 0.1380671875 0.48816875 0.16685468750000002 0.48270416718750003 0.2022140625 0.4368333328125 0.160190625 0.4348729171875 0.1489140625 0.44238125000000006 0.149440625 0.4493041671875 0.128309375 0.45762291718750003 0.1224875 0.4716479171875 0.07904375 0.4763833328125 0.073221875 0.4904083328125 0.0629828125 0.49705625 0.0618328125 0.5145666671875 0.0457578125 0.5205333328124999 0.0447359375 0.5361 0.023875 0.5552333328125 0.0273828125 0.5615229171875 0 0.56983125 0 0.5989416671875001
15 0.6194046875 0.5178499999999999 0.6244765625 0.5302041671875 0.671953125 0.5386833328125 0.6841390625 0.5322625000000001 0.6842515625 0.5156104171875 0.6742671875 0.5183687499999999 0.6708859375 0.5101312499999999 0.6537578125 0.5022520828125 0.60524375 0.49463125 0.59616875 0.498475 0.600203125 0.5116895828125 0.6194046875 0.5178499999999999
15 0.6296234375 0.6160916671875001 0.6496062499999999 0.6252833328125 0.6720453125 0.6269208328125 0.6844859375000001 0.6166083328124999 0.666178125 0.5968270828125 0.67185625 0.5700416671874999 0.6610765625 0.5550604171875 0.645240625 0.5424291671875 0.6117796875 0.5444083328125 0.605575 0.5642708328125 0.627009375 0.5961791671875 0.6296234375 0.6160916671875001
15 0.7694734375000001 0.6510312500000001 0.74445 0.6588937500000001 0.7525031249999999 0.6706166671875 0.7866328125 0.6883229171874999 0.814909375 0.6906395828125 0.823728125 0.6906895828125 0.8331859375 0.6810083328125 0.7908765625 0.6535270828125 0.7694734375000001 0.6510312500000001