15 0.5280734375 0.8361791671875001 0.546628125 0.8508270828125 0.538609375 0.8914104171874999 0.5600343750000001 0.9092729171875 0.6064546875 0.9307083328125 0.7296484375000001 0.9539291671875001 0.7974953124999999 0.9003416671875 0.8028515625000001 0.8413958328125 0.801065625 0.7842374999999999 0.7564296875000001 0.75744375 0.68920625 0.7394979171875 0.65014375 0.7414520828125 0.63451875 0.7297333328125 0.616940625 0.7277791671875 0.562253125 0.7336395828125 0.5280734375 0.7639125 0.5222140625 0.78735 0.5280734375 0.8361791671875001
15 0.701171875 0.5322270828125 0.726078125 0.5502374999999999 0.7600015625000001 0.5395208328125001 0.86355625 0.52523125 0.833203125 0.48593333281250006 0.7796406250000001 0.4573541671875 0.6850140625 0.43056041718750004 0.5618203125 0.43234583281249994 0.485046875 0.480575 0.46719218749999997 0.5270166671875 0.538609375 0.5538104171875 0.6142578125 0.5332041671875001 0.701171875 0.5322270828125
15 0.8359375 0.39746041718749997 0.8359375 0.38769583281250003 0.8251953125 0.37890625 0.7880859375 0.37109375 0.7001953125 0.37304791718749997 0.673828125 0.38378958281250003 0.67578125 0.39941458281250003 0.7041015625 0.4140625 0.779296875 0.41503958281250003 0.8271484375 0.4042979171875 0.8359375 0.39746041718749997
15 0.6337890625 0.37695416718749997 0.6630859375 0.359375 0.6962890625 0.3515625 0.705078125 0.34277291718749997 0.6982421875 0.3359375 0.6337890625 0.33398541718749997 0.5712890625 0.34570416718749997 0.556640625 0.35644583281250003 0.5546875 0.36816458281250003 0.5673828125 0.37695416718749997 0.609375 0.37988333281250003 0.6337890625 0.37695416718749997
10 0.4208984375 0.3984375 0.4072265625 0.40234375 0.390625 0.42089791718749997 0.3955078125 0.4296875 0.435546875 0.43066458281250003 0.4814453125 0.421875 0.494140625 0.40527291718749997 0.4736328125 0.3984375 0.4208984375 0.3984375
10 0.7939453125 0.30273541718749997 0.7431640625 0.30273541718749997 0.7109375 0.31542916718749997 0.7216796875 0.32617291718749997 0.78515625 0.33105416718749997 0.8232421875 0.32617291718749997 0.828125 0.31738333281250003 0.8134765625 0.30664166718749997 0.7939453125 0.30273541718749997
10 0.64453125 0.29003958281250003 0.6533203125 0.29492291718749997 0.7109375 0.29785208281250003 0.7353515625 0.29296875 0.73828125 0.28222708281250003 0.7041015625 0.2734375 0.64453125 0.28027291718749997 0.64453125 0.29003958281250003
10 0.4638671875 0.35351666718749997 0.4228515625 0.35351666718749997 0.40234375 0.37207083281250003 0.4169921875 0.3828125 0.455078125 0.38378958281250003 0.4794921875 0.38086041718749997 0.490234375 0.37207083281250003 0.48828125 0.36425833281250003 0.4638671875 0.35351666718749997
10 0.349609375 0.34277291718749997 0.3583984375 0.34765625 0.41015625 0.34667916718749997 0.4228515625 0.34179791718749997 0.43359375 0.32714791718749997 0.3759765625 0.3203125 0.349609375 0.33105416718749997 0.349609375 0.34277291718749997
10 0.6015625 0.26074166718749997 0.6103515625 0.27148541718749997 0.658203125 0.27246041718749997 0.6865234375 0.26367291718749997 0.689453125 0.25292916718749997 0.6318359375 0.2480479171875 0.6123046875 0.25195416718749997 0.6015625 0.26074166718749997
10 0.419921875 0.27636666718749997 0.4248046875 0.28515625 0.4609375 0.29199166718749997 0.48046875 0.27246041718749997 0.48046875 0.26074166718749997 0.4736328125 0.25390625 0.4462890625 0.25586041718749997 0.419921875 0.27636666718749997