15 0.3406140625 0.0209375 0.33663906250000003 0.0363875 0.3410046875 0.1082479171875 0.3696515625 0.2072979171875 0.3838765625 0.1753875 0.3822875 0.09974791718750001 0.3582390625 0.029575 0.3406140625 0.0209375
15 0.3561296875 0.34868125 0.34110625 0.3088958328125 0.3144578125 0.2698708328125 0.299784375 0.28482291718749997 0.27516250000000003 0.2706479171875 0.284059375 0.3739895828125 0.3091984375 0.4025208328125 0.35555625 0.40467916718749997 0.3561296875 0.34868125
15 0.35628125 0.6496541671875 0.371890625 0.7011916671875 0.3709359375 0.7376291671875 0.38036875000000003 0.7524 0.4038875 0.7404666671875 0.41296875 0.7005 0.38738125 0.6550104171875 0.40122656250000005 0.6035395828125 0.397484375 0.5760041671875 0.3560375 0.6248875 0.35628125 0.6496541671875
15 0.385875 0.8829437499999999 0.3776515625 0.9242520828125 0.417503125 0.9704062499999999 0.44105156250000005 0.9232958328124999 0.4368609375 0.8788041671875 0.42393125 0.8612645828125001 0.4036375 0.8863770828125 0.385875 0.8829437499999999
10 0.545575 0.78354375 0.555728125 0.8048624999999999 0.56954375 0.78856875 0.5673015625 0.7037770828125 0.545575 0.78354375
10 0.539728125 0.6660125 0.5436625 0.6179895828124999 0.52640625 0.5611625 0.51828125 0.5646916671875 0.5186609375 0.5842520828125 0.5228906249999999 0.6613187500000001 0.539728125 0.6660125
10 0.4747890625 0.6916520828125 0.4874359375 0.6518520828125001 0.48667499999999997 0.6127291671874999 0.4608546875 0.610225 0.443921875 0.6433104171874999 0.45802031249999997 0.68435625 0.4747890625 0.6916520828125
10 0.5250796875 0.4073604171875 0.5626015625 0.47425208281250003 0.570171875 0.42379166718750005 0.5516484375 0.3812375 0.5350843750000001 0.3661354171875 0.5250796875 0.4073604171875
10 0.6244265625 0.70383125 0.638446875 0.6797291671875 0.639678125 0.6540729171875 0.6317515625000001 0.6286041671875 0.62253125 0.658675 0.6244265625 0.70383125
10 0.636725 0.8477208328125 0.6481828125 0.8873395828125 0.6552078125 0.8577 0.6445375 0.8220270828125 0.636725 0.8477208328125
10 0.6646859375 0.73436875 0.6751109375000001 0.7452770828124999 0.6834421875000001 0.7339395828125 0.676134375 0.7062375000000001 0.6680765625 0.7071666671875 0.6646859375 0.73436875
10 0.6728296874999999 0.6279125 0.6829140625 0.6518333328125 0.6892953125 0.5969770828125001 0.6818015625 0.557975 0.673403125 0.5719145828125 0.6728296874999999 0.6279125
10 0.718596875 0.78899375 0.7308734375 0.7973833328125 0.7322078125 0.7805083328125 0.72085625 0.7708583328125 0.718596875 0.78899375