15 0.437365625 0 0.43919687500000004 0.017822917187500002 0.4430484375 0.0241354171875 0.44677656250000003 0.020341667187500002 0.4458375 0.0361333328125 0.4668828125 0.0904333328125 0.4890390625 0.11188958281250001 0.5191453125 0.16618125 0.5725781249999999 0.2141375 0.6039625 0.2185333328125 0.6301859375000001 0.2020895828125 0.64201875 0.18186875 0.6456703125 0.1408104171875 0.6227609375000001 0.026510417187500003 0.5444484375 0 0.437365625 0
15 0.6040078125 0.4389625 0.608753125 0.45664375 0.602975 0.5090708328125 0.6068265625 0.5153833328124999 0.64129375 0.5248291671875001 0.67978125 0.5235333328125 0.6968375 0.5292041671875001 0.7257875 0.5197041671875 0.734878125 0.4603270828125 0.7124140625 0.41360625000000006 0.695296875 0.4028833328125 0.679365625 0.39658125 0.652603125 0.3997625 0.6318796875 0.4029375 0.6169046875 0.41305625 0.6040078125 0.4389625
10 0.20561875000000002 0.3035041671875 0.2352328125 0.317375 0.23019375000000003 0.30664166718749997 0.24037812500000003 0.306 0.2417953125 0.2984208328125 0.226496875 0.2510625 0.1659453125 0.1765854171875 0.1391828125 0.1797666671875 0.1408625 0.2246083328125 0.1637875 0.2473270828125 0.183109375 0.28394375 0.20561875000000002 0.3035041671875
15 0.2824703125 0.5383958328125 0.30313124999999996 0.5301666671875 0.308925 0.50995 0.3004515625 0.4960625 0.24649375 0.46705416718750004 0.10513125000000001 0.42106666718749997 0.09773593750000001 0.43370416718750004 0.164265625 0.503125 0.258665625 0.5365208328125 0.2824703125 0.5383958328125
15 0.1910890625 0.6287916671875 0.24225625 0.6458020828125 0.2503609375 0.6293729171875 0.24868125000000002 0.5845312500000001 0.2545984375 0.5744208328125 0.24583125 0.5674791671875 0.219715625 0.56181875 0.1548203125 0.5643979171875 0.1465921875 0.5707208328125 0.14304843750000001 0.5896729171875 0.1910890625 0.6287916671875
15 0.3720796875 0.7050625 0.4387625 0.72521875 0.48697187499999994 0.7472833328124999 0.508465625 0.7453708328124999 0.5072171875 0.7358979171875 0.4831671875 0.7138125 0.41558906249999994 0.6822895828125 0.36483750000000004 0.6684354171875 0.353175 0.6716041671874999 0.346903125 0.6836104171875 0.35383749999999997 0.6949729171875 0.3720796875 0.7050625
10 0.3468109375 0.6141333328125 0.363990625 0.6299083328124999 0.37761093749999997 0.632425 0.39187812499999997 0.6260958328124999 0.3921703125 0.6191479171875 0.35745781249999997 0.5894916671875 0.330865625 0.5756187500000001 0.3016671875 0.56490625 0.27940468749999997 0.56555625 0.27461250000000004 0.5750354171875001 0.28723125 0.5882875000000001 0.3468109375 0.6141333328125
10 0.0875671875 0.46655625 0.083653125 0.45519166718750004 0.059125000000000004 0.4248958328125 0.0539640625 0.40405625 0.03186875 0.3876541671875 0.0068781250000000006 0.3813583328125 0.0006234375000000001 0.42557708281249995 0.0565984375 0.46532083281250003 0.082775 0.4760354171875 0.0875671875 0.46655625
10 0.6291203125 0.7029520828125 0.63984375 0.7155750000000001 0.6929078125 0.7332145828125001 0.7144625 0.7363541671875 0.7464328124999999 0.7268541671875 0.7877703125 0.7426083328125 0.7975390625000001 0.7388104171875 0.8015609375 0.7280708328125 0.7875703125 0.6952395828125 0.777325 0.6908270828124999 0.7415640625 0.6990666671875 0.6722765625 0.6820729171875 0.6368703124999999 0.6884187500000001 0.6291203125 0.7029520828125
10 0.624775 0.9038041671875 0.6358374999999999 0.8823208328125001 0.6258843749999999 0.8709604171875001 0.5804640625 0.86089375 0.57105 0.8627958328125 0.5666734375 0.8754312499999999 0.5736078124999999 0.8867958328125001 0.624775 0.9038041671875
10 0.792578125 0.8891375 0.80045 0.8847083328125 0.80293125 0.8714437500000001 0.7961671875 0.8430270828124999 0.7999421875 0.8120749999999999 0.770390625 0.8032583328125 0.7583734375 0.8083208328125 0.752103125 0.8203270828125 0.759821875 0.8651625 0.792578125 0.8891375
10 0.33198906250000004 0.69878125 0.3434671875 0.6804541671875 0.34476249999999997 0.66276875 0.3322046875 0.6545687499999999 0.2670015625 0.6318854171875 0.256646875 0.6495791671875 0.26749375 0.6723083328125 0.31843125 0.70131875 0.33198906250000004 0.69878125
10 0.7064812500000001 0.8866833328125001 0.69469375 0.8797458328125 0.6556671875 0.8677770828125 0.6436499999999999 0.8728395828125001 0.6839859374999999 0.8993333328125 0.716140625 0.9049916671875 0.7064812500000001 0.8866833328125001
10 0.752246875 1 0.763834375 0.9934833328125 0.768440625 0.9688458328125 0.7758984375 0.9612604171875001 0.766946875 0.9391624999999999 0.73348125 0.9189791671875 0.7142999999999999 0.9246791671875 0.70294375 0.9531124999999999 0.7340515625 0.9966666671875 0.7408781249999999 1 0.752246875 1
10 0.8280156249999999 1 0.832359375 0.9939500000000001 0.8277374999999999 0.9863729171875001 0.8099109375 0.9794416671875 0.7968296875 0.9901895828124999 0.801434375 1 0.8280156249999999 1