15 0.4599609375 0.875 0.4443359375 0.87109375 0.4033203125 0.89453125 0.3837890625 0.9082041671875001 0.37109375 0.9267583328125 0.373046875 0.9404291671875 0.40234375 0.9599604171875 0.3564453125 0.96484375 0.3505859375 0.9765625 0.3359375 0.9833979171875 0.341796875 0.9873041671875 0.3369140625 1 0.486328125 0.9990229171875 0.4931640625 0.984375 0.5458984375 0.96875 0.568359375 0.9482416671875 0.5703125 0.9326166671875 0.583984375 0.9130854171875 0.5712890625 0.89453125 0.5498046875 0.87890625 0.5302734375 0.8769541671875001 0.5224609375 0.86328125 0.4990234375 0.8613291671875001 0.4833984375 0.87109375 0.4599609375 0.875
10 0.8388671875 0.8691416671875001 0.8330078125 0.85546875 0.8212890625 0.8613291671875001 0.7998046875 0.8457041671875001 0.7900390625 0.8496104171875001 0.7607421875 0.8359375 0.7333984375 0.8417979171875001 0.6669921875 0.8417979171875001 0.6533203125 0.828125 0.6025390625 0.8066416671875001 0.5791015625 0.80859375 0.5634765625 0.81640625 0.5615234375 0.82421875 0.5498046875 0.8183604171875001 0.541015625 0.8408208328125 0.5419921875 0.8574229171875001 0.6767578125 0.86328125 0.6982421875 0.8671875 0.7060546875 0.875 0.7236328125 0.8730479171875001 0.7373046875 0.8925791671875001 0.7607421875 0.89453125 0.7626953125 0.9003916671875001 0.80078125 0.9013666671875 0.8017578125 0.89453125 0.8115234375 0.8984375 0.8271484375 0.8925791671875001 0.8525390625 0.9003916671875001 0.8759765625 0.8984375 0.8955078125 0.890625 0.8984375 0.8818354171875 0.8681640625 0.87109375 0.8642578125 0.859375 0.8525390625 0.8613291671875001 0.8466796875 0.8515625 0.8388671875 0.8691416671875001
15 0.517578125 0.7646479171875 0.515625 0.7529291671875 0.4873046875 0.74609375 0.3955078125 0.7441416671875001 0.3388671875 0.7519541671875001 0.31640625 0.7685541671875 0.3212890625 0.78125 0.4150390625 0.8046875 0.453125 0.8056645828125 0.5029296875 0.7832041671875001 0.517578125 0.7646479171875
10 0.3125 0.8310541671875 0.3046875 0.8251958328125 0.3037109375 0.80859375 0.2548828125 0.80859375 0.220703125 0.8330083328125 0.216796875 0.8505854171875 0.22265625 0.8662104171875 0.2275390625 0.87109375 0.248046875 0.8701166671875 0.2705078125 0.86328125 0.3125 0.8310541671875
10 0.5302734375 0.6738291671875001 0.486328125 0.6962895828125 0.4912109375 0.70703125 0.5166015625 0.7207041671875001 0.564453125 0.7216791671875 0.5703125 0.7080083328125 0.587890625 0.6982416671875 0.5869140625 0.68359375 0.5302734375 0.6738291671875001
10 0.337890625 0.5869145828125 0.3427734375 0.6015625 0.412109375 0.6005854171875 0.4404296875 0.5917979171875001 0.443359375 0.5791020828125 0.4052734375 0.5703125 0.3564453125 0.5761729171875001 0.337890625 0.5869145828125
15 0 0.8798833328125 0.013671875 0.8818354171875 0.02734375 0.8388666671875 0.0703125 0.7919916671875 0.078125 0.7685541671875 0.1171875 0.7158208328125 0.126953125 0.6806645828125 0.146484375 0.6494145828125 0.1279296875 0.625 0.0693359375 0.6308604171875001 0.021484375 0.6689458328125 0.0234375 0.6845708328125 0.0185546875 0.6894541671875001 0 0.6884770828125 0 0.8798833328125
10 0.298828125 0.49902291718749997 0.2919921875 0.48046875 0.2685546875 0.4785166671875 0.2607421875 0.4941416671875 0.220703125 0.5048833328125 0.2314453125 0.5234375 0.248046875 0.5283208328125 0.2724609375 0.51953125 0.2802734375 0.5078125 0.298828125 0.49902291718749997
10 0.4521484375 0.48828125 0.513671875 0.49316458281250003 0.5244140625 0.4921875 0.52734375 0.48535208281250003 0.5205078125 0.4707041671875 0.505859375 0.46582083281250003 0.515625 0.45605416718749997 0.5126953125 0.453125 0.4658203125 0.453125 0.4638671875 0.4609375 0.41796875 0.46582083281250003 0.4228515625 0.4765625 0.4423828125 0.4785166671875 0.4521484375 0.48828125
10 0.3291015625 0.51953125 0.353515625 0.5185541671875 0.3857421875 0.5175791671875001 0.3984375 0.5107416671875 0.3916015625 0.4941416671875 0.36328125 0.49121041718749997 0.375 0.48339791718749997 0.3701171875 0.46875 0.3388671875 0.47265625 0.333984375 0.47949166718749997 0.341796875 0.49121041718749997 0.337890625 0.5009770828125 0.3203125 0.5107416671875 0.3291015625 0.51953125
10 1 0.9306645828125 0.97265625 0.9228520828125 0.9775390625 0.91796875 0.9892578125 0.9199229171875001 0.994140625 0.9150395828125 0.9912109375 0.90625 0.9169921875 0.89453125 0.837890625 0.9033208328125 0.83203125 0.9345708328125 0.82421875 0.9326166671875 0.822265625 0.9541020828125 0.81640625 0.9580083328125 0.83203125 0.9736333328125 0.8349609375 0.9863291671875001 0.8837890625 1 1 0.9990229171875 1 0.9306645828125
10 0.900390625 0.8388666671875 0.90625 0.8408208328125 0.9091796875 0.8183604171875001 0.9140625 0.8388666671875 0.9296875 0.8525395828125 0.9716796875 0.8457041671875001 0.97265625 0.8310541671875 0.986328125 0.8271479171875 0.986328125 0.8134770828125 0.9833984375 0.82421875 0.978515625 0.8173833328125 0.96875 0.7568354171875 0.9326171875 0.72265625 0.8828125 0.7529291671875 0.88671875 0.7783208328125 0.8984375 0.7841791671875 0.900390625 0.8388666671875
10 0.697265625 0.43847708281250003 0.6953125 0.42480416718749997 0.6826171875 0.41796875 0.6376953125 0.41796875 0.62890625 0.42480416718749997 0.6416015625 0.43359375 0.697265625 0.43847708281250003
10 0.580078125 0.42285208281250003 0.5693359375 0.4160166671875 0.5322265625 0.4140625 0.5166015625 0.40234375 0.5029296875 0.41015625 0.4794921875 0.4082041671875 0.470703125 0.42089791718749997 0.4775390625 0.4296875 0.5546875 0.42871041718749997 0.5771484375 0.4277354171875 0.580078125 0.42285208281250003