15 0.3095703125 0.6875 0.39453125 0.6923833328125 0.41015625 0.6806645828125 0.42578125 0.6435541671875 0.423828125 0.6220708328125 0.4111328125 0.60546875 0.3681640625 0.5917979171875001 0.3154296875 0.58984375 0.2998046875 0.5917979171875001 0.27734375 0.6064458328125 0.265625 0.6337895828125 0.267578125 0.6552729171875 0.2880859375 0.6796875 0.3095703125 0.6875
15 0.6220703125 0.6582041671875001 0.650390625 0.6591791671875 0.69921875 0.6025395828125 0.701171875 0.5791020828125 0.69140625 0.5576166671875 0.6611328125 0.5410166671875001 0.6162109375 0.5292979171875001 0.5712890625 0.5292979171875001 0.5556640625 0.53515625 0.54296875 0.5498041671875 0.541015625 0.5751958328125 0.568359375 0.6279291671875 0.6005859375 0.6503916671875001 0.6220703125 0.6582041671875001
10 0.52734375 0.48535208281250003 0.5048828125 0.4667979171875 0.4501953125 0.4667979171875 0.44140625 0.48730416718749997 0.4453125 0.5029291671875 0.4697265625 0.5214854171875001 0.498046875 0.5224604171875 0.525390625 0.5166020828125 0.53125 0.5068354171875 0.52734375 0.48535208281250003
10 0.34375 0.38574166718749997 0.3505859375 0.39648541718749997 0.384765625 0.39746041718749997 0.40625 0.38769583281250003 0.4111328125 0.359375 0.3486328125 0.35546875 0.341796875 0.36035208281250003 0.34375 0.38574166718749997
10 0.4404296875 0.33789166718749997 0.43359375 0.35058541718749997 0.43359375 0.35839791718749997 0.4521484375 0.36914166718749997 0.5 0.37011666718749997 0.5078125 0.35839791718749997 0.5009765625 0.34765625 0.4853515625 0.33984375 0.4404296875 0.33789166718749997
10 0.6240234375 0.4238291671875 0.5771484375 0.4121104171875 0.5400390625 0.4121104171875 0.52734375 0.42675833281250003 0.53515625 0.44433541718749997 0.5478515625 0.453125 0.623046875 0.45996041718749997 0.642578125 0.44824166718749997 0.640625 0.43457083281250003 0.6240234375 0.4238291671875
10 0.779296875 0.5244145828125 0.7587890625 0.4941416671875 0.7314453125 0.4863291671875 0.7060546875 0.4863291671875 0.701171875 0.49121041718749997 0.703125 0.5146479171875 0.7177734375 0.53125 0.7333984375 0.5390625 0.767578125 0.5419916671875 0.77734375 0.5380854171875 0.779296875 0.5244145828125
15 0.5322265625 0.86328125 0.5224609375 0.875 0.470703125 0.8994145828125 0.462890625 0.9482416671875 0.453125 0.9619145828125 0.4560546875 1 0.640625 0.9990229171875 0.6328125 0.9755854171875 0.6328125 0.9072270828125 0.6181640625 0.90234375 0.6162109375 0.9121104171875001 0.6123046875 0.9082041671875001 0.6005859375 0.9140625 0.58984375 0.8798833328125 0.5751953125 0.8769541671875001 0.5654296875 0.8613291671875001 0.5478515625 0.86328125 0.5458984375 0.8691416671875001 0.5322265625 0.86328125
10 0.228515625 0.9344041671875001 0.251953125 0.9109666671875001 0.267578125 0.87385625 0.283203125 0.7937791671875 0.283203125 0.7683875 0.2763671875 0.7595979171875 0.2451171875 0.7615520828125 0.2314453125 0.7791291671875 0.2080078125 0.7830354171875 0.1953125 0.7976854171875 0.193359375 0.9109666671875001 0.2119140625 0.9334270828125 0.228515625 0.9344041671875001
10 0.5732421875 0.2207041671875 0.56640625 0.22558541718749997 0.568359375 0.23925833281250003 0.5849609375 0.24609375 0.673828125 0.24707083281250003 0.6796875 0.23925833281250003 0.6533203125 0.2265625 0.6025390625 0.2207041671875 0.5732421875 0.2207041671875
10 0.560546875 0.21777291718749997 0.5576171875 0.2050791671875 0.5263671875 0.1953125 0.482421875 0.1962895828125 0.482421875 0.20410208281250003 0.4912109375 0.2089854171875 0.560546875 0.21777291718749997
10 0.5576171875 0.171875 0.5712890625 0.17773541718750002 0.6171875 0.1787104171875 0.619140625 0.1728520828125 0.6083984375 0.1640625 0.5732421875 0.15625 0.55078125 0.1611333328125 0.5576171875 0.171875
10 0.4921875 0.1396479171875 0.4814453125 0.13086041718750002 0.47265625 0.1318354171875 0.474609375 0.1259770828125 0.4560546875 0.0996104171875 0.4306640625 0.09765625 0.423828125 0.1025395828125 0.4287109375 0.12304791718750001 0.4619140625 0.13086041718750002 0.4736328125 0.1484375 0.48828125 0.1494145828125 0.4921875 0.1396479171875
10 0.359375 0.1025395828125 0.365234375 0.0927729171875 0.3564453125 0.0800791671875 0.3408203125 0.0800791671875 0.330078125 0.0869145828125 0.3349609375 0.0996104171875 0.359375 0.1025395828125