15 0.8464984375 0.3913645828125 0.8317203125000001 0.3912270828125 0.8159015625 0.4079854171875 0.78761875 0.46580000000000005 0.7789203125 0.5483208328125 0.774025 0.5526645828125 0.7752953125000001 0.56868125 0.770128125 0.5756020828125 0.77629375 0.587275 0.776840625 0.6241958328125 0.78459375 0.6558895828125 0.79103125 0.6649854171875 0.8060812500000001 0.6625458328125 0.8216734375 0.65495 0.8429328125 0.6286895828125 0.8502734375 0.6011395828125 0.8568921875 0.5944895828125001 0.859246875 0.5581145828125 0.8704875 0.5497020828125 0.8768765625 0.5101375 0.885846875 0.4250375 0.8817671875 0.42164166718749996 0.8633640625 0.44186249999999994 0.8548875 0.43106875 0.8464984375 0.3913645828125
15 0.7725015625 0.8337625 0.768375 0.8237854171875 0.7567703125 0.8216104171874999 0.7514671875000001 0.8087833328125 0.7571749999999999 0.7546270828125 0.7541828125000001 0.74091875 0.759078125 0.736575 0.7578078125000001 0.7205583328125 0.762975 0.7136375 0.7556296875 0.6991125 0.7634265625000001 0.6953145828125 0.7667796874999999 0.6775354171875 0.761521875 0.6712895828125001 0.7614296875 0.6581229171875 0.7811484375 0.6605041671875 0.782553125 0.65419375 0.7772953125 0.6479479171875 0.7771578124999999 0.6282 0.7732609375 0.6511375 0.7627890625 0.6452291671875 0.7676390625 0.6343041671874999 0.7720359375 0.6417020828125 0.77049375 0.6282645828125 0.7767484375 0.6110291671875 0.7746171875 0.5961666671875 0.7653703125 0.5996916671875 0.7567546875 0.5691499999999999 0.7437 0.5667041671875 0.72045 0.6399250000000001 0.7152859375 0.6889229171875 0.7232671875000001 0.7535333328125 0.73006875 0.7732166671875 0.7152078125 0.8861395828124999 0.715753125 0.9230604171874999 0.72740625 0.97389375 0.7594109375 0.9930395828125 0.7561921875000001 0.9884916671875 0.782528125 0.9842229171874999 0.778675 0.9716666671875 0.7824796875 0.9355625 0.787646875 0.9286416671875 0.7708734374999999 0.8913125000000001 0.7725015625 0.8337625
15 0.79154375 0.1549083328125 0.7773578125 0.1982708328125 0.7653015625 0.2144208328125 0.7576875000000001 0.24455 0.753609375 0.28323333281249996 0.75791875 0.3195416671875 0.769478125 0.3151333328125 0.8079578125 0.22372708281250003 0.8109015625 0.1887770828125 0.802378125 0.1714020828125 0.8072734374999999 0.1670604171875 0.80196875 0.15423125 0.79154375 0.1549083328125
10 0.619996875 0.6105833328125 0.6318296875 0.6456729171875 0.657121875 0.616225 0.6609703125 0.5446270828124999 0.657615625 0.52033125 0.6476875 0.5092666671875 0.632775 0.5314541671875 0.619996875 0.6105833328125
15 0.72355625 0.29469375000000003 0.7095515625 0.3223125 0.7015765625 0.38393125 0.6882578125000001 0.51029375 0.6902999999999999 0.55406875 0.6990031250000001 0.5557000000000001 0.721984375 0.5271333328125001 0.723615625 0.5116604171875 0.7341765625 0.48865625 0.738296875 0.41448124999999997 0.73385 0.3584229171875 0.7358421875000001 0.3114604171875 0.7337109374999999 0.2965979171875 0.72355625 0.29469375000000003
10 0.6517906250000001 0.8913500000000001 0.6636671875 0.8909458328125 0.6715953125 0.8227437500000001 0.6628453125 0.8145291671875 0.6496562499999999 0.8344104171875 0.6467578125 0.87594375 0.6517906250000001 0.8913500000000001
10 0.545575 0.78335 0.5520578125 0.7990291671875001 0.5613046875000001 0.7955020828125 0.5705015625 0.7012395828125 0.56293125 0.695875 0.55735625 0.7277041671875 0.5499234375000001 0.7420895828125 0.545575 0.78335
10 0.5803906249999999 0.83195 0.5850171875 0.8722645828125 0.5879640625 0.8793895828125 0.591409375 0.8747770828125001 0.5968 0.8166166671875 0.5976125 0.7668041671875 0.5943937499999999 0.76225625 0.58664375 0.7726375 0.5803906249999999 0.83195
10 0.576059375 0.4169520828125 0.5863937499999999 0.40311041718749996 0.5951375 0.3271708328125 0.5866609375 0.3163770828125 0.5735625 0.349425 0.5712984375 0.39896666718749996 0.576059375 0.4169520828125
10 0.518340625 0.19970000000000002 0.5188406249999999 0.2300354171875 0.5272718750000001 0.23424583281250003 0.531578125 0.2284770828125 0.5381046875 0.20866250000000003 0.5476234375 0.20255625 0.552653125 0.1758875 0.55441875 0.1380875 0.542496875 0.1319083328125 0.5322109375 0.19441041718750002 0.52291875 0.1913541671875 0.518340625 0.19970000000000002
10 0.5148328125 0.6539895828125 0.517325 0.6373645828125001 0.522171875 0.5843625 0.51868125 0.58239375 0.511021875 0.6059416671875 0.5081687500000001 0.65405625 0.5148328125 0.6539895828125
10 0.488409375 0.7292479171874999 0.49362031249999994 0.68683125 0.4859578125 0.6683020828124999 0.4729109375 0.7920874999999999 0.4806609375 0.7817041671875 0.488409375 0.7292479171874999
10 0.4177859375 0.7396812500000001 0.4229984375 0.7393416671875 0.42630625 0.7149791671875 0.43088125 0.66455625 0.4262125 0.6597375000000001 0.4199125 0.6703895828124999 0.41393125 0.727125 0.4177859375 0.7396812500000001
10 0.487309375 0.5291791671875 0.49578125 0.45581875 0.4915640625 0.432675 0.4805546875 0.5160791671875 0.48150624999999997 0.5280916671875 0.487309375 0.5291791671875