4 0.24014375000000002 0.4168265625 0.24014375000000002 0.42884687499999996 0.26177812500000003 0.4480765625 0.2545671875 0.47451875 0.27860625 0.47451875 0.3146640625 0.452884375 0.31947187499999996 0.4240390625 0.3074515625 0.409615625 0.259375 0.40240312500000003 0.24014375000000002 0.4168265625
4 0.3987984375 0.42884687499999996 0.45408593750000004 0.41923125 0.4733171875 0.39759687499999996 0.468509375 0.36875 0.41802812500000003 0.3375 0.40360625 0.3375 0.3699515625 0.36634687499999996 0.374759375 0.4048078125 0.3987984375 0.42884687499999996
4 0 0.3674203125 0.0141828125 0.36875 0.0454328125 0.34951875 0.0454328125 0.3326921875 0.02139375 0.3230765625 0 0.3251140625 0 0.3674203125
4 0.218509375 0.1860578125 0.2545671875 0.20769218750000001 0.281009375 0.20528906249999998 0.30264375 0.18846093749999998 0.2858171875 0.16923125 0.2521640625 0.1668265625 0.218509375 0.1860578125
4 0.1412109375 0.45078125 0.132421875 0.4810546875 0.144140625 0.4830078125 0.151953125 0.4791015625 0.151953125 0.4556640625 0.1412109375 0.45078125
4 0.089453125 0.3130859375 0.0455078125 0.30625 0.023046875 0.3248046875 0.0435546875 0.339453125 0.058203125 0.3384765625 0.0826171875 0.33359375 0.089453125 0.3130859375
4 0.0826171875 0.17734375 0.0494140625 0.17734375 0.03671875 0.1880859375 0.0435546875 0.202734375 0.066015625 0.2076171875 0.085546875 0.1861328125 0.0826171875 0.17734375
4 0.241796875 0.1197265625 0.241796875 0.1099609375 0.2251953125 0.103125 0.2017578125 0.101171875 0.17734375 0.1197265625 0.1822265625 0.128515625 0.23203125 0.1294921875 0.241796875 0.1197265625
4 0.1659359375 0.33170625 0.1938203125 0.3102796875 0.1948515625 0.280953125 0.195253125 0.2623390625 0.157025 0.24434375 0.10263125 0.271490625 0.1012796875 0.314278125 0.1659359375 0.33170625
4 1 0.2909921875 0.6778234375000001 0.24558125 0.6365390625 0.2067890625 0.5906687500000001 0.202478125 0.5390625 0.243509375 0.5390625 0.4358328125 0.5631453125 0.43523750000000005 0.5906687500000001 0.46972031249999996 0.6365390625 0.4740296875 0.6824109375 0.43523750000000005 1 0.41910625 1 0.2909921875
4 0.30474375 1 0.31020781249999996 0.9316968749999999 0.28354218750000004 0.8602671875000001 0.286875 0.7888390625 0.22354218750000002 0.729315625 0.216875 0.747171875 0.1835421875 0.7412203125 0.146875 0.7828875 0.1435421875 0.872171875 0.10687500000000001 0.9733625 0.1093609375 1 0.30474375 1