15 0.52395625 0.2612270828125 0.522409375 0.27802916718750004 0.515521875 0.2887083328125 0.5076671875 0.37400416718749996 0.5102171875 0.37835833281250003 0.509675 0.4163125 0.5130921875000001 0.4326145828125 0.5208468749999999 0.4338833328125 0.5228875000000001 0.42241249999999997 0.53074375 0.4118916671875 0.5349609375 0.39815 0.5471 0.2663291671875 0.5421 0.24583125 0.5333765625 0.2444041671875 0.52395625 0.2612270828125
15 0.34530781250000003 0.64128125 0.348165625 0.6102645828125 0.35671718750000003 0.5814916671875 0.3665953125 0.474225 0.35845 0.4558375 0.34073125000000004 0.43456875000000006 0.335884375 0.43377708281249994 0.3194578125 0.46257083281250005 0.310309375 0.49780625 0.3070453125 0.5012083328125 0.30359375 0.5386854171875 0.2974375 0.5521083328125 0.29279687499999996 0.6025125 0.2885625 0.6057541671875 0.2851109375 0.6432333328125 0.28863125 0.6477458328125001 0.28589375 0.67746875 0.2899078125 0.6873104171875 0.28907343750000003 0.69635625 0.2941765625 0.7050625 0.320346875 0.7093479171875 0.3249375 0.7022270828125 0.3324203125 0.6850875000000001 0.333609375 0.6721625 0.3394078125 0.6626166671875 0.341075 0.6445229171875 0.34530781250000003 0.64128125
10 0.4209921875 0.3322666671875 0.41747187500000005 0.3277541671875 0.41769375000000003 0.31467083281249997 0.41429218749999996 0.3088666671875 0.40653750000000005 0.30759791718749996 0.39420937500000003 0.3239458328125 0.390621875 0.35221874999999997 0.3857921875 0.36192291718749997 0.3831234375 0.43363958281250004 0.38666093749999997 0.44864791718749997 0.40604687500000003 0.4518229171875 0.4097875 0.4432520828125 0.412065625 0.42919375000000004 0.4177453125 0.42094166718750003 0.42405312500000003 0.3524458328125 0.4198015625 0.3451895828125 0.4209921875 0.3322666671875
10 0.5003015625 0.2403 0.5038218750000001 0.24481250000000002 0.5048078125 0.25546875 0.51353125 0.2568979171875 0.5141265625 0.2504354171875 0.5184796875 0.2459 0.5274234375 0.15947083281250002 0.521946875 0.14414375 0.5151625 0.14303125 0.5086328124999999 0.1498333328125 0.5003015625 0.2403
10 0.3966453125 0.5539208328125 0.3896234375 0.6301708328125 0.3929046875 0.6372666671875 0.40744375 0.6396479171875 0.41203593749999995 0.6325270828125 0.41914375000000004 0.6087666671874999 0.42604687500000005 0.5338083328125001 0.4185125 0.51945625 0.409925 0.5272333328125 0.3966453125 0.5539208328125
10 0.42999687499999995 0.8755395828125 0.423365625 0.89413125 0.42013437500000006 0.9185270828125001 0.4156625 0.9243541671875001 0.41054531250000004 0.9799270828125 0.41988125 0.9853916671875 0.42411562500000005 0.9821479171874999 0.44101718749999996 0.9481833328124999 0.4491109375 0.8603020828125001 0.44582812499999996 0.85320625 0.43844843750000007 0.85855625 0.42999687499999995 0.8755395828125
10 0.5282828125 0.75913125 0.5320921875 0.7177749999999999 0.5219406249999999 0.73185625 0.52063125 0.7460729171875 0.5153078125 0.7504479171875 0.5132859375 0.77241875 0.502878125 0.7785854171875 0.49189375 0.8017125 0.487234375 0.84161875 0.4840890625 0.8437270828125 0.4809953125 0.8773291671875001 0.4835453125 0.88168125 0.48742343750000006 0.8823166671875 0.49369687500000003 0.8676020828125001 0.496315625 0.83916875 0.50401875 0.8089458328125 0.5203421875 0.7919395828125 0.522009375 0.7738458328125 0.5282828125 0.75913125
10 0.404671875 0.9881479171875001 0.40824999999999995 0.9834875000000001 0.4142 0.91886875 0.4105609375 0.9156479171875 0.4016 0.9168041671875 0.3960390625 0.9237666671874999 0.3886765625 0.9396145828125 0.3864140625 0.96416875 0.3818234375 0.9712895828124999 0.380378125 0.9841708328125 0.404671875 0.9881479171875001
10 0.6341359375 0.52851875 0.6256671875 0.5350041671875 0.623915625 0.5753854171875 0.6158734375 0.6199833328125 0.6137484375 0.6537437500000001 0.6185953125 0.6545375 0.6230671875 0.6487104171875 0.6254640625000001 0.6333604171875 0.63005625 0.6262416671875 0.64270625 0.51024375 0.6361749999999999 0.5170458328125 0.6341359375 0.52851875
10 0.545390625 0.7763625000000001 0.5385203125 0.7975395828125 0.530428125 0.8854208328125001 0.5372125 0.88653125 0.539746875 0.8803875 0.541175 0.8648791671874999 0.54780625 0.8462875000000001 0.557446875 0.7416041671875 0.547890625 0.7492229171875 0.545390625 0.7763625000000001
10 0.6486500000000001 0.07174375 0.6400625 0.0795208328125 0.6393484375 0.087275 0.6454359375000001 0.10663750000000001 0.645453125 0.11713541718750001 0.6565078125 0.136 0.66065625 0.15504374999999998 0.6655031250000001 0.15583750000000002 0.674328125 0.1454770828125 0.6802796875 0.0808583328125 0.6767593749999999 0.0763458328125 0.6800921875 0.0401583328125 0.6788624999999999 0.0255270828125 0.6432562500000001 0.0196979171875 0.6513875 0.04201875 0.6518640625 0.03685 0.6569484375 0.035058332812499995 0.667371875 0.0393875 0.6695828125000001 0.058116667187500005 0.6675421874999999 0.0695895828125 0.6599421875 0.08802291718750001 0.6524421874999999 0.0946666671875 0.647578125 0.083375 0.6486500000000001 0.07174375
10 0.29804375 0.1822625 0.2930609375 0.17226458281249998 0.2837265625 0.1668 0.243628125 0.1641708328125 0.2410953125 0.1703166671875 0.2381859375 0.1698395828125 0.236265625 0.1800208328125 0.22090937500000002 0.1971854171875 0.2187671875 0.2204479171875 0.22193125 0.2288354171875 0.22150625000000002 0.26549999999999996 0.22783281249999998 0.28227708281249997 0.2267609375 0.2939083328125 0.23089374999999998 0.30245625 0.23029843749999998 0.30891875 0.2354 0.317625 0.2712640625 0.3234958328125 0.2787453125 0.30635416718749997 0.2918046875 0.29275 0.2946953125 0.28272916718749996 0.2989296875 0.2794854171875 0.3055953125 0.20711249999999998 0.30280625 0.20534375 0.29804375 0.1822625