15 0.570921875 0.8923083328124999 0.5411343750000001 0.8865375 0.5368796875 0.88076875 0.5063828125 0.875 0.4382984375 0.875 0.427659375 0.8865375 0.40354687499999997 0.89423125 0.3921984375 0.9096145828125 0.37446875 0.9192312499999999 0.37305 0.9423083328124999 0.40212812500000006 0.9615375 0.4219859375 0.9615375 0.42553124999999997 0.9673083328125 0.440425 0.9673083328125 0.44893593750000005 0.975 0.4893609375 0.9788458328124999 0.5489359375 0.9615375 0.5595749999999999 0.9480770828124999 0.5659578125 0.9480770828124999 0.5808515625 0.9096145828125 0.570921875 0.8923083328124999
15 0.20070937500000002 0.8365375 0.1971625 0.8423083328125 0.1971625 0.8615375000000001 0.217021875 0.86923125 0.24893593749999998 0.86923125 0.28794375 0.85 0.3099296875 0.8307687500000001 0.3198578125 0.8307687500000001 0.327659375 0.81923125 0.311346875 0.80576875 0.256028125 0.80576875 0.2354609375 0.8230770828124999 0.20070937500000002 0.8365375
15 0.6205671875000001 0.8173083328124999 0.6184390625 0.8115375 0.5609921875 0.8115375 0.5567375 0.8173083328124999 0.5241140625 0.825 0.5219859375 0.8307687500000001 0.5148937499999999 0.8307687500000001 0.5148937499999999 0.85 0.5524828125 0.8596145828124999 0.6 0.85576875 0.6078015625 0.8615375000000001 0.715603125 0.8615375000000001 0.715603125 0.8384625 0.6865249999999999 0.8423083328125 0.660284375 0.8365375 0.6482265625 0.825 0.6205671875000001 0.8173083328124999
10 0.7099296875000001 0.6 0.6617015625 0.6 0.639715625 0.60576875 0.6326234375 0.6115375000000001 0.6326234375 0.6230770828125001 0.7063828125 0.6230770828125001 0.7134750000000001 0.6115375000000001 0.7099296875000001 0.6
10 0.673759375 0.41923125 0.6297875000000001 0.41923125 0.6297875000000001 0.425 0.6794328125 0.425 0.673759375 0.41923125
15 0.8773046875 0.8923083328124999 0.8326234375 0.8923083328124999 0.829078125 0.9115375 0.8134750000000001 0.925 0.8106390625 0.9365375 0.802659375 0.9401437500000001 0.8056734375 0.94423125 0.8056734375 0.9538458328124999 0.8226953124999999 0.9615375 0.8340421875 0.9865375000000001 0.8475171874999999 0.9865375000000001 0.8574468749999999 0.9980770828125 0.9971625 0.9980770828125 0.9971625 0.8865375 0.8801421875000001 0.8865375 0.8773046875 0.8923083328124999
10 0.4212765625 0.5923083328125001 0.41843906249999996 0.5807687500000001 0.3524828125 0.5807687500000001 0.342553125 0.5865375 0.342553125 0.5980770828125 0.41205625 0.6 0.41489374999999995 0.5923083328125001 0.4212765625 0.5923083328125001
10 0.5588656249999999 0.5423083328125 0.6028374999999999 0.5423083328125 0.615603125 0.5346145828125 0.5652484375 0.53076875 0.5588656249999999 0.5346145828125 0.5588656249999999 0.5423083328125
10 0.6609921875 0.5038458328125001 0.6241140625 0.5038458328125001 0.6241140625 0.5115375 0.6645390625 0.5096145828124999 0.6609921875 0.5038458328125001
10 0.7226953125 0.6692312499999999 0.7652484375 0.6673083328125 0.7638296875 0.6615375 0.7503546875 0.6596145828125 0.741134375 0.65 0.6900703125 0.65 0.6900703125 0.6596145828125 0.7120562500000001 0.6615375 0.7226953125 0.6692312499999999
10 0.2780140625 0.50576875 0.2950359375 0.5 0.297871875 0.4923083328125 0.2950359375 0.48461458281249997 0.26808437500000004 0.48461458281249997 0.2567375 0.4980770828125 0.22269531250000002 0.5 0.2219859375 0.5173083328125 0.27375937499999997 0.5173083328125 0.2780140625 0.50576875
10 0.4368796875 0.475 0.468084375 0.48846249999999997 0.5234046875 0.4865375 0.5234046875 0.48076875 0.5106390625 0.47307708281250005 0.4590078125 0.47307708281250005 0.45815625000000004 0.48076875 0.45531875 0.47307708281250005 0.4368796875 0.475
10 0.47659531250000003 0.425 0.48756093749999996 0.425 0.4907796875 0.41923125 0.49121718750000004 0.425 0.49432656250000007 0.41923125 0.494871875 0.425 0.57163125 0.425 0.5645390625 0.41346249999999996 0.49716250000000006 0.41346249999999996 0.47659531250000003 0.41923125 0.47659531250000003 0.425