15 0.3782296875 0.58195625 0.3668984375 0.6743916671875 0.365371875 0.6988083328125 0.378025 0.7718854171875 0.38798750000000004 0.7961875 0.39401406250000004 0.7977541671874999 0.4272390625 0.7652895828124999 0.42960937499999996 0.74574375 0.4222578125 0.69498125 0.4265578125 0.6782625 0.4082796875 0.57270625 0.4006078125 0.5699375 0.3994828125 0.5634416671875 0.3912859375 0.5659645828125 0.38369375 0.580275 0.3782296875 0.58195625
15 0.2537640625 0.8186895828124999 0.2663796875 0.82506875 0.29136875 0.7865875 0.29510468749999996 0.7666229171875 0.279840625 0.6618479171875 0.2691546875 0.6582958328124999 0.2602765625 0.63195 0.2536875 0.6271354171875 0.227734375 0.635125 0.22074375000000002 0.6612250000000001 0.2211046875 0.6799291671875001 0.22741093750000002 0.741275 0.2382984375 0.7875291671875 0.2537640625 0.8186895828124999
15 0.44352656250000005 1 0.44338437500000005 0.9997895828125 0.43269843750000003 0.9962375 0.42510624999999996 0.9523916671875 0.414178125 0.9557541671875001 0.41204843750000003 0.9683833328125001 0.3995546875 0.9876250000000001 0.401696875 1 0.44352656250000005 1
15 0.48126875 0.9693125 0.491071875 0.9594541671875 0.495853125 0.9289020828125001 0.5023625 0.9166375 0.498425 0.8939020828125 0.4866140625 0.8838520828125 0.47408124999999995 0.8363958328125 0.45905625 0.8410208328125 0.45061718749999996 0.9086187499999999 0.459375 0.9675 0.46901562500000005 0.9816375 0.48130937500000004 0.9778541671875001 0.48126875 0.9693125
15 0.40081249999999996 0.32185 0.41029375 0.3018270828125 0.400975 0.2396958328125 0.3883203125 0.224775 0.3802859375 0.2033020828125 0.3638953125 0.2083479171875 0.35529687499999996 0.2417833328125 0.35867031250000003 0.2612708328125 0.366665625 0.2742041671875 0.364334375 0.30228958281249996 0.37405625 0.33350833281250003 0.40081249999999996 0.32185
10 0.5907484375000001 0.8039041671874999 0.58429375 0.8081708328125 0.5858859375 0.8173729171874999 0.5924359375 0.8136479171875 0.600671875 0.7615083328125001 0.5826765625 0.657575 0.5744796875 0.6600979171875 0.5764484375000001 0.6714645828125 0.5715874999999999 0.6849354171875001 0.57845625 0.74953125 0.5763265625 0.7621604171875 0.5827 0.79896875 0.5907484375000001 0.8039041671874999
10 0.5653546875 0.9314562499999999 0.5701359375 0.90090625 0.56375 0.8806354171875 0.5619421874999999 0.8452708328125 0.569978125 0.8085875 0.567446875 0.7939708328124999 0.5524218750000001 0.7985958328125 0.545671875 0.8177791671874999 0.5447078125 0.8454437499999999 0.5384796875 0.8593354171875 0.5500093749999999 0.9259166671875001 0.5588062500000001 0.93518125 0.5653546875 0.9314562499999999
10 0.540778125 0.41560625 0.552790625 0.4101979171875 0.5378875 0.3241291671875 0.5187640625000001 0.33001458281249996 0.511734375 0.3475729171875 0.5212546875 0.3942479171875 0.528928125 0.3970166671875 0.540778125 0.41560625
15 0.527675 0.7720041671875 0.52871875 0.76141875 0.5036937499999999 0.6168875 0.49139999999999995 0.6206729171875 0.4820390625 0.6663166671874999 0.49750468750000004 0.7556333328125 0.51951875 0.7830666671875 0.527675 0.7720041671875
10 0.11287968749999999 0.47035 0.13063750000000002 0.4648854171875 0.14108281250000002 0.4171958328125 0.13911562500000002 0.3476708328125 0.12618125 0.27296875 0.109790625 0.2780145828125 0.0979796875 0.2679666671875 0.07885625 0.2738520828125 0.11287968749999999 0.47035
10 0.286034375 0.34862916718750003 0.2799265625 0.3881416671875 0.286675 0.42711458281250003 0.2938265625 0.4351770828125 0.3151984375 0.4422833328125 0.3384203125 0.43513541718750004 0.345490625 0.4261166671875 0.3495078125 0.40777291718750003 0.3391046875 0.34768750000000004 0.3316328125 0.3294625 0.31761093749999997 0.3149625 0.30503749999999996 0.31712291718749996 0.3081296875 0.3349854171875 0.30439375 0.3549520828125 0.293184375 0.3566916671875 0.286034375 0.34862916718750003
10 0.315928125 0.13074583281250002 0.3228375 0.1457229171875 0.3360140625 0.1553520828125 0.3401125 0.15408958281250001 0.32609374999999996 0.08143333281250001 0.3219546875 0.0741541671875 0.3082953125 0.0783583328125 0.3080546875 0.085275 0.315928125 0.13074583281250002
10 0.65156875 0.9391270828125 0.654784375 0.9244541671875 0.6498828125 0.8712249999999999 0.638434375 0.821725 0.6352203125 0.8363979171875 0.639115625 0.9087500000000001 0.6361828125 0.9250479171875 0.641834375 0.9694916671874999 0.65606875 0.9651104171875 0.65156875 0.9391270828125
15 0.46497031250000004 0.35170625 0.480959375 0.3775729171875 0.4883125 0.3701791671875 0.49012031250000004 0.3473854171875 0.46734375000000006 0.2158458328125 0.46155937500000005 0.20736249999999998 0.4479 0.2115666671875 0.44556874999999996 0.23965416718750002 0.46497031250000004 0.35170625
10 0.618321875 0.0906875 0.6120546874999999 0.0960375 0.62880625 0.1678541671875 0.6350734375 0.1625041671875 0.62354375 0.0959208328125 0.615790625 0.0760708328125 0.6116937499999999 0.0773333328125 0.6117328125 0.0858729171875 0.618321875 0.0906875
15 0.686321875 0.8240875000000001 0.6827484375 0.7619 0.685721875 0.7541416671875 0.6640703125 0.6290979171875 0.6584453124999999 0.6547770828125 0.657840625 0.7011458328125 0.6704953125 0.774225 0.6648703125 0.7999020828125001 0.67631875 0.8494041671874999 0.6831484375 0.8473020828125 0.6814609375 0.8375583328125 0.686321875 0.8240875000000001
15 0.617821875 0.9768833328125 0.6009515624999999 0.8794458328125 0.5913890625 0.8823895828125 0.5863671874999999 0.9198562499999999 0.5973328125 0.9831895828125001 0.617821875 0.9768833328125
10 0.664515625 0.43225208281249994 0.64989375 0.3478083328125 0.635671875 0.3487645828125 0.6355109375 0.37276041718749997 0.6478828125 0.4442145828125 0.6550734375 0.4608166671875 0.6627078125 0.4550458328125 0.664515625 0.43225208281249994
10 0.5631906250000001 0.7029145828125001 0.560459375 0.6455979171874999 0.5399328125 0.52705 0.5235421875 0.5320958328125001 0.5176359374999999 0.5561499999999999 0.53450625 0.6535875 0.552825 0.709525 0.5631906250000001 0.7029145828125001
10 0.6730375000000001 0.20726458281250001 0.6799875 0.23078333281250002 0.691275 0.24612291718749998 0.6947703125 0.23307291718749998 0.6785015624999999 0.147425 0.6631953125 0.150425 0.6695031250000001 0.1536166671875 0.6676953125 0.17640833281249998 0.6730375000000001 0.20726458281250001
10 0.23280781250000002 0.0827791671875 0.2294078125 0.0701416671875 0.1789265625 0.08568125 0.1940390625 0.09984583281250001 0.23280781250000002 0.0827791671875
10 0.65061875 0.26059375 0.6467625 0.26324583281249997 0.6445531250000001 0.2587958328125 0.6490921875 0.2517770828125 0.6374421875 0.2011166671875 0.6245875 0.2016520828125 0.6302109375 0.23413124999999999 0.653671875 0.278225 0.65061875 0.26059375
10 0.6872953125000001 0.3893208328125 0.6821531249999999 0.4011666671875 0.6950078125 0.4587875 0.70288125 0.44610000000000005 0.694446875 0.39738125 0.6856078125 0.3795770828125 0.6801453125 0.3812583328125 0.681690625 0.3901895828125 0.6872953125000001 0.3893208328125
10 0.4517171875 0.150525 0.45537343750000003 0.1716354171875 0.4630859375 0.18294583281250001 0.5054296875000001 0.1699104171875 0.510853125 0.1596895828125 0.5063546875 0.13370625 0.4517171875 0.150525