15 0.4604421875 0.06773124999999999 0.4968703125 0.1883333328125 0.5105859374999999 0.21185625 0.5180281250000001 0.2137708328125 0.525315625 0.1987354171875 0.5245968750000001 0.1570333328125 0.507903125 0.0907166671875 0.48968749999999994 0.0793625 0.4730125 0.0274 0.4623921875 0.0349166671875 0.4604421875 0.06773124999999999
15 0.3468421875 0.2675854171875 0.3366515625 0.2972520828125 0.3400578125 0.3621958328125 0.3320875 0.3642458328125 0.329809375 0.34879375 0.3259703125 0.35959375 0.33894375 0.4249520828125 0.35094375 0.45777083281250003 0.3729 0.4844395828125 0.4193828125 0.5727791671875 0.45223125 0.5971270828125 0.4657296875 0.6585208328125 0.4697234375 0.664675 0.47821875 0.6586624999999999 0.4882546875 0.6120416671875 0.4775421875 0.5477770828125 0.4727734375 0.4568541671875 0.46675468750000004 0.42608958281250003 0.44600625000000005 0.40844375 0.4312578125 0.4072083328125 0.421009375 0.39380625 0.40978906249999997 0.3478625 0.355046875 0.24202083281250003 0.345615625 0.24420416718750002 0.3419140625 0.25760208281249997 0.3468421875 0.2675854171875
10 0.511546875 0.44018750000000006 0.5130640625 0.48311875000000004 0.5245390624999999 0.5199020828124999 0.534240625 0.5229125 0.5387421875 0.5107458328125001 0.5345187499999999 0.4302125 0.5286546875 0.4164020828125 0.511546875 0.44018750000000006
10 0.1739984375 0.3737625 0.1970625 0.4355708328125 0.2150265625 0.45608541718750006 0.24676562500000002 0.44529375 0.2565671875 0.4221916671875 0.2541140625 0.37543125 0.22052968750000002 0.295025 0.20882031250000002 0.2817583328125 0.1896875 0.28093124999999997 0.1725796875 0.3047166671875 0.1739984375 0.3737625
15 0.3285328125 0.18445 0.335040625 0.1825375 0.33500312499999996 0.153825 0.3293921875 0.1308541671875 0.294990625 0.034862500000000005 0.2819671875 0.0191083328125 0.161128125 0.030375000000000003 0.159871875 0.03440625 0.174521875 0.06175625 0.1944109375 0.1329979171875 0.2250546875 0.19931875 0.2352828125 0.1983645828125 0.23857656249999998 0.177175 0.28190781249999997 0.1914083328125 0.324284375 0.18745625 0.3252015625 0.1769291671875 0.3285328125 0.18445
15 0.29529218749999997 0.5726020828125 0.3169765625 0.594075 0.34179375 0.6752979171875 0.353775 0.6937604171875 0.3743875 0.7088062500000001 0.39747187500000003 0.78496875 0.41210312499999996 0.7979625 0.42644374999999995 0.79140625 0.43186093750000004 0.7687104171875 0.42981718750000003 0.72974375 0.417915625 0.6708104171875 0.3914390625 0.6419541671875 0.37579843749999997 0.56770625 0.3489125 0.5310541671875 0.3382375 0.49550208281249997 0.312696875 0.4704729171875 0.292375 0.4749791671875 0.28298125 0.505875 0.28555156249999997 0.5408791671875 0.29529218749999997 0.5726020828125
15 0.4899828125 0.7149979171874999 0.49880781250000006 0.7572479171875 0.5170609374999999 0.7973145828125 0.531828125 0.8129062499999999 0.5426828125000001 0.7818729171875 0.5421 0.74276875 0.523128125 0.6610020828125001 0.5023421875 0.6146458328125 0.49610624999999997 0.6217520828125 0.48778437500000005 0.659075 0.4899828125 0.7149979171874999
10 0.621521875 0.6191958328125 0.61663125 0.637925 0.628996875 0.7477208328125 0.6363218749999999 0.7613958328125 0.6421671875 0.76085 0.6473125 0.7329604171875 0.6451328125 0.69139375 0.621521875 0.6191958328125
10 0.551434375 0.3607625 0.5553671875 0.42174375 0.5664125 0.43637708281250004 0.5713234375 0.4320020828125 0.568696875 0.35393125 0.5610999999999999 0.3350604171875 0.5535390625 0.3449020828125 0.551434375 0.3607625
10 0.5582046875 0.5598375 0.5719000000000001 0.5690020828125 0.574940625 0.5569708328125 0.5580921875 0.4737 0.5582046875 0.5598375
10 0.5923015625 0.524025 0.5950453125 0.5903375 0.60131875 0.61194375 0.61129375 0.62015 0.614840625 0.5897979171875 0.6009140625 0.5062541671874999 0.59653125 0.5066625 0.5923015625 0.524025
10 0.5887140625 0.9316020828125 0.5910124999999999 0.9614083328125 0.6057984375000001 0.9913562499999999 0.6181515625 0.9888999999999999 0.6195375000000001 0.9313395828125 0.6045953125 0.8844375 0.5983609375000001 0.8915458328125 0.5887140625 0.9316020828125