4 0.3996515625 0.3683125 0.3827859375 0.3648265625 0.37455 0.3724953125 0.37455 0.3798171875 0.3655296875 0.3871375 0.368275 0.394459375 0.3686671875 0.40805468749999996 0.38239375 0.4087515625 0.3916109375 0.41119218750000003 0.4022 0.39968750000000003 0.409259375 0.3812109375 0.3996515625 0.3683125
4 0.41357343750000003 0.23583906250000003 0.4082796875 0.230959375 0.4051421875 0.2236375 0.399846875 0.22886718749999999 0.4016125 0.2389765625 0.3990625 0.2469953125 0.40004375000000003 0.25675625 0.410828125 0.264425 0.42122187499999997 0.2626828125 0.4300453125 0.251178125 0.4253390625 0.2382796875 0.41357343750000003 0.23583906250000003
4 0.37866875 0.2626828125 0.3812171875 0.26756250000000004 0.389453125 0.266865625 0.392984375 0.2571046875 0.38572812500000003 0.2515265625 0.37886406250000004 0.25396718749999997 0.37866875 0.2626828125
4 0.3375 0.4416015625 0.3287109375 0.438671875 0.321875 0.4552734375 0.3267578125 0.4640625 0.33359375 0.4630859375 0.339453125 0.4513671875 0.3375 0.4416015625
4 0.370703125 0.4513671875 0.374609375 0.4376953125 0.3638671875 0.434765625 0.3609375 0.4455078125 0.370703125 0.4513671875
4 0.355078125 0.3966796875 0.3609375 0.3888671875 0.3541015625 0.38203125 0.3453125 0.3908203125 0.355078125 0.3966796875
4 0.398046875 0.3595703125 0.405859375 0.3537109375 0.3951171875 0.352734375 0.3921875 0.3576171875 0.398046875 0.3595703125
4 0.40390625 0.1896484375 0.40390625 0.2228515625 0.409765625 0.2228515625 0.421484375 0.2111328125 0.4166015625 0.165234375 0.40390625 0.1896484375
4 0.66875 0 0.66875 0.239734375 0.7874390625000001 0.23139531249999998 0.8569375000000001 0.1953125 0.8646593749999999 0.1025296875 0.791353125 0 0.66875 0
4 0 0.68394375 0.0609375 0.6958328125000001 0.0640625 0.7083328125 0.0578125 0.7166671874999999 0.071875 0.7125 0.0796875 0.7375 0.096875 0.75 0.103125 0.7770828125 0.1453125 0.8020828124999999 0.2375 0.775 0.2890625 0.7979171875 0.3234375 0.7979171875 0.346875 0.8208328125 0.365625 0.81875 0.39375 0.8395828125 0.43125 0.8541671875000001 0.490625 0.85625 0.534375 0.875 0.59375 0.875 0.60625 0.8666671875 0.6015625 0.8895828124999999 0.625 0.90625 0.66875 0.9143890625 0.66875 0.6 0 0.6 0 0.68394375
4 0.7704859374999999 0.7288390625 0.7479171874999999 0.7597031249999999 0.765278125 0.796740625 0.8251734374999999 0.8152578125 0.8842015625 0.8075421875 0.9189234374999999 0.7890234375 0.9197921875 0.75044375 0.86944375 0.7180359375 0.7704859374999999 0.7288390625