4 0.24027656249999998 0.1620625 0.22341093750000002 0.15857656250000002 0.21517499999999998 0.16624531250000002 0.21517499999999998 0.1735671875 0.2061546875 0.1808875 0.2089 0.18820937499999998 0.2092921875 0.2018046875 0.22301875 0.2025015625 0.2322359375 0.2049421875 0.24282499999999999 0.19343749999999998 0.249884375 0.1749609375 0.24027656249999998 0.1620625
4 0.25419843750000004 0.029589062500000003 0.2489046875 0.024709375 0.24576718749999998 0.0173875 0.24047187499999997 0.0226171875 0.24223750000000002 0.0327265625 0.2396875 0.040745312500000005 0.24066875 0.050506249999999996 0.251453125 0.058175 0.261846875 0.0564328125 0.2706703125 0.044928125 0.26596406250000004 0.0320296875 0.25419843750000004 0.029589062500000003
4 0.21929375 0.0564328125 0.2218421875 0.061312500000000006 0.230078125 0.06061562499999999 0.23360937499999998 0.050854687499999995 0.22635312500000002 0.0452765625 0.21948906250000003 0.0477171875 0.21929375 0.0564328125
4 0.178125 0.2353515625 0.1693359375 0.232421875 0.1625 0.2490234375 0.1673828125 0.2578125 0.17421875 0.2568359375 0.180078125 0.2451171875 0.178125 0.2353515625
4 0.211328125 0.2451171875 0.215234375 0.2314453125 0.2044921875 0.228515625 0.2015625 0.2392578125 0.211328125 0.2451171875
4 0.195703125 0.1904296875 0.2015625 0.1826171875 0.1947265625 0.17578125 0.1859375 0.1845703125 0.195703125 0.1904296875
4 0.238671875 0.1533203125 0.246484375 0.1474609375 0.2357421875 0.146484375 0.2328125 0.1513671875 0.238671875 0.1533203125
4 0.24453125 0 0.24453125 0.0166015625 0.250390625 0.0166015625 0.262109375 0.0048828125 0.261590625 0 0.24453125 0
4 0.9887499999999999 0.3377578125 0.90625 0.34713906250000004 0.7875 0.3377578125 0.78 0.33963437500000004 0.78 0.3796875 0.94701875 0.3796875 0.99375 0.3677765625 1 0.349015625 0.99875 0.3415109375 0.9887499999999999 0.3377578125
4 0.1310765625 0.53283125 0.14496562500000001 0.5729546875 0.3072921875 0.5822140625000001 0.394096875 0.5636953124999999 0.332465625 0.46647343750000003 0.13715312500000001 0.4741890625 0.1310765625 0.53283125
4 0.7634765625 0.817578125 0.7419921875 0.81953125 0.7283203125 0.83125 0.709375 0.836096875 0.709375 0.8526359375 0.768359375 0.8615234375 0.8494140625 0.85078125 0.850390625 0.8458984375 0.7634765625 0.817578125
4 0.932421875 0.8400390625 0.9197265625 0.829296875 0.8171875 0.7970703125 0.8171875 0.8126953125 0.8376953125 0.829296875 0.8865234375 0.848828125 0.93046875 0.8498046875 0.932421875 0.8400390625
4 0.741096875 0.6415015625 0.7346375 0.622671875 0.709375 0.61994375 0.709375 0.6527484375 0.711759375 0.6532609375 0.7390625 0.6463546874999999 0.7413203125 0.646853125 0.741096875 0.6415015625
4 0.9565203125 0.722790625 0.9106125 0.73698125 0.93729375 0.76345 0.9864578125 0.76875 0.9791140625000001 0.7341640625 0.9565203125 0.722790625