15 0.6689453125 0.66796875 0.67578125 0.6611333328125 0.67578125 0.6416020828125 0.6435546875 0.61328125 0.5908203125 0.609375 0.5205078125 0.62109375 0.5078125 0.6396479171875 0.5244140625 0.671875 0.603515625 0.6748041671875 0.6513671875 0.6738291671875001 0.6689453125 0.66796875
15 0.3056640625 0.68359375 0.2783203125 0.6894541671875001 0.2744140625 0.69921875 0.1552734375 0.70703125 0.1259765625 0.72265625 0.125 0.7314458328125 0.1171875 0.7353520828125 0.125 0.7490229171875 0.1259765625 0.7714854171875001 0.240234375 0.7822270828125 0.3017578125 0.7753916671875001 0.3251953125 0.76171875 0.3466796875 0.7578125 0.35546875 0.7431645828125 0.373046875 0.7314458328125 0.37109375 0.7060541671875 0.3642578125 0.7011729171875001 0.3427734375 0.703125 0.3291015625 0.6933604171875001 0.3154296875 0.69921875 0.314453125 0.6865229171875 0.3056640625 0.68359375
15 0.8310546875 0.7402354171875001 0.83984375 0.7216791671875 0.826171875 0.6982416671875 0.830078125 0.6904291671875 0.8115234375 0.6777354171875001 0.6806640625 0.6777354171875001 0.662109375 0.7060541671875 0.6689453125 0.7265625 0.7001953125 0.734375 0.7177734375 0.7480479171875001 0.80859375 0.7529291671875 0.8310546875 0.7402354171875001
10 0.7744140625 0.5332041671875001 0.7275390625 0.5292979171875001 0.6962890625 0.53515625 0.689453125 0.5419916671875 0.689453125 0.5654291671875 0.6982421875 0.5703125 0.779296875 0.5693354171875 0.787109375 0.5634770828125 0.787109375 0.5439458328125 0.7744140625 0.5332041671875001
10 0.658203125 0.5712895828125 0.658203125 0.5576166671875 0.6357421875 0.55078125 0.5888671875 0.5527354171875001 0.5693359375 0.5546875 0.5546875 0.5634770828125 0.5615234375 0.5761729171875001 0.6025390625 0.5859375 0.625 0.5849604171875 0.6474609375 0.5839854171875001 0.658203125 0.5712895828125
10 0.42578125 0.6318354171875 0.4169921875 0.5957041671875001 0.3544921875 0.5878916671875001 0.3125 0.6044916671875 0.30859375 0.6220708328125 0.3154296875 0.6328125 0.3232421875 0.6191416671875001 0.3251953125 0.6347666671875001 0.3984375 0.6455083328125 0.4150390625 0.6425791671875001 0.42578125 0.6318354171875
10 0.40625 0.5537104171875 0.4716796875 0.54296875 0.47265625 0.5244145828125 0.4423828125 0.5214854171875001 0.35546875 0.5400395828125 0.3681640625 0.55078125 0.40625 0.5537104171875
10 0.4443359375 0.48828125 0.4541015625 0.5019541671875001 0.482421875 0.5009770828125 0.48828125 0.47167916718749997 0.4736328125 0.4609375 0.38671875 0.47949166718749997 0.4033203125 0.48828125 0.4443359375 0.48828125
10 0.5322265625 0.4316416671875 0.5146484375 0.4296875 0.48828125 0.43847708281250003 0.4912109375 0.4472666671875 0.52734375 0.45214791718749997 0.5322265625 0.4453125 0.5361328125 0.44921875 0.544921875 0.44433541718749997 0.5322265625 0.4316416671875
10 0.5927734375 0.4140625 0.55859375 0.42089791718749997 0.5634765625 0.4277354171875 0.59375 0.42871041718749997 0.6015625 0.41894583281250003 0.5927734375 0.4140625
10 0.5791015625 0.38086041718749997 0.572265625 0.39746041718749997 0.5791015625 0.4042979171875 0.595703125 0.40332083281250003 0.599609375 0.39160208281250003 0.5791015625 0.38086041718749997