15 0.6215828125 0.34726875 0.6166828125 0.2837958328125 0.610771875 0.26095833281249997 0.60506875 0.2524729171875 0.5904765624999999 0.254175 0.5721265625 0.29945 0.573803125 0.3698354171875 0.5886875 0.46220625000000004 0.60365625 0.47745208281249996 0.6262875 0.4525916671875 0.6215828125 0.34726875
15 0.6654671875 0.6911333328125 0.6593625000000001 0.7101458328125 0.66493125 0.72779375 0.65553125 0.7301979171874999 0.654109375 0.7421270828125001 0.6608703125 0.7779354171875 0.66850625 0.7822729171875 0.684728125 0.9398416671875 0.6989546875 0.9773937500000001 0.70560625 0.9779249999999999 0.718740625 0.9763937500000001 0.7354375 0.9731395828125 0.7335046875 0.8204375 0.723034375 0.7393145828125001 0.710778125 0.709375 0.7059859375 0.6811791671874999 0.6942765625 0.67078125 0.6839875 0.6484541671875 0.6651875 0.6532625000000001 0.6621359375 0.6627666671875 0.6654671875 0.6911333328125
15 0.6576640625 0.2136625 0.666346875 0.1891208328125 0.6620796875 0.0680625 0.6506375 0.0393354171875 0.6360078125 0.0292791671875 0.6196875000000001 0.04948125 0.6135109375 0.0449729171875 0.6056421875 0.07072500000000001 0.617046875 0.24454166718749998 0.6398234375 0.26671875 0.65455 0.25585 0.6576640625 0.2136625
10 0.5078109375000001 0.11481458281250001 0.500890625 0.1326125 0.5020578125 0.1952166671875 0.5091593750000001 0.2362125 0.5148625 0.24469791718749997 0.5323734375 0.2426541671875 0.53525625 0.2305541671875 0.5274625000000001 0.12297916718749999 0.5224031250000001 0.11311249999999999 0.5078109375000001 0.11481458281250001
10 0.552584375 0.3265625 0.5498968750000001 0.2968145828125 0.539475 0.2836520828125 0.529259375 0.28484375 0.5261109375 0.3152729171875 0.5316546875 0.37736458281249996 0.5348171875000001 0.4031375 0.542659375 0.42182916718749996 0.55155 0.4116416671875 0.5552703125 0.3563125 0.552584375 0.3265625
10 0.6175671875 0.62221875 0.61393125 0.6004229171875 0.60496875 0.5870916671875 0.5787390625 0.6019145828125 0.5783484375 0.6856125 0.5944125 0.7399416671875 0.6078859375000001 0.7435979171875 0.6153171875 0.7335812500000001 0.6044203125000001 0.7243958328125 0.6159250000000001 0.7204395828125 0.6175671875 0.62221875
10 0.5206234375000001 0.5341916671875 0.5210734375 0.5746583328125 0.5425125000000001 0.6884854171875 0.54943125 0.6706875 0.5483 0.61984375 0.5345718749999999 0.5338708328124999 0.5206234375000001 0.5341916671875
10 0.505459375 0.5607958328125 0.5022609375 0.5232625 0.4798625 0.5180333328125 0.47311249999999994 0.5384270828125 0.49455 0.6522541671875 0.4996703125 0.6294375 0.49609531249999994 0.5749583328125001 0.505459375 0.5607958328125
10 0.44611718749999996 0.4631520828125 0.44618906249999996 0.4866708328125 0.4550546875 0.5209270828125 0.461365625 0.5162708328125001 0.4618640625 0.46785 0.45633125 0.4619604171875 0.458909375 0.45643124999999996 0.4544953125 0.4451833328125 0.44611718749999996 0.4631520828125
10 0.438565625 0.3816895828125 0.4305890625 0.3721625 0.42770625000000007 0.3842625 0.4357921875 0.4290666671875 0.440475 0.42198541718750004 0.438565625 0.3816895828125
10 0.41942500000000005 0.3813083328125 0.4103296875 0.37713958281250004 0.404090625 0.40531666718750003 0.417090625 0.41295000000000004 0.42160156249999997 0.4032729171875 0.41942500000000005 0.3813083328125