15 0.6021671875 0.32378958281250003 0.5898796875000001 0.26211875 0.5813625 0.2407958328125 0.574734375 0.23360625000000002 0.560521875 0.23833125000000002 0.5477078125 0.286875 0.5576234375 0.35604375 0.5831609375 0.4441729171875 0.5997359375 0.4561083328125 0.6191703125 0.4268354171875 0.6021671875 0.32378958281250003
15 0.6858546875 0.6542687500000001 0.68205625 0.6743187500000001 0.689628125 0.6905875 0.680625 0.6949229171875 0.68061875 0.7070020828125 0.6914984375000001 0.7409604171875 0.69955 0.7436520828125001 0.7340578125 0.8958979171875001 0.752515625 0.93001875 0.7591484375 0.9291562499999999 0.7719406249999999 0.9249041671875 0.7880499999999999 0.9182062500000001 0.7682249999999999 0.7677895828125 0.7483671875 0.6898479171874999 0.732746875 0.6628333328125 0.7247078124999999 0.6359833328125 0.7119203125 0.6281583328125 0.699140625 0.6082520828125 0.6811359375 0.6169208328125 0.6792359375 0.6269458328125 0.6858546875 0.6542687500000001
15 0.6221281249999999 0.1843020828125 0.627825 0.1582520828125 0.6094062499999999 0.039575 0.594734375 0.013587499999999999 0.5791062499999999 0.0067062499999999995 0.5653578125000001 0.0300625 0.5587265625 0.0269 0.5539765625 0.053974999999999995 0.5856343749999999 0.2232729171875 0.6107328125 0.24042500000000003 0.624003125 0.22662083281249998 0.6221281249999999 0.1843020828125
10 0.462521875 0.1179270828125 0.4577765625 0.13695 0.46627343750000005 0.1985395828125 0.47809687500000003 0.23755 0.48472499999999996 0.2447395828125 0.50178125 0.23907083281250002 0.503209375 0.22651875000000002 0.48288906249999997 0.1218916671875 0.4767359375 0.1132020828125 0.462521875 0.1179270828125
10 0.5315875 0.3177291671875 0.52544375 0.2889083328125 0.51360625 0.27808125 0.5036562499999999 0.28138958281250004 0.5041156250000001 0.31210208281249996 0.5168765625 0.3722729171875 0.5230234375 0.39706874999999997 0.5329625 0.41389375 0.5405484375 0.4019770828125 0.5377328125 0.3465520828125 0.5315875 0.3177291671875
10 0.630459375 0.5961916671874999 0.6243109375 0.5754229171875 0.6138953125 0.564125 0.5897265625 0.5842375 0.5991609375 0.6669854171875 0.6214015625 0.7172958328125 0.6351390625 0.7180958328125 0.6413015625 0.7066541671875 0.6294625 0.6998541671875 0.6403609375 0.6935479171875001 0.630459375 0.5961916671874999
10 0.52438125 0.52946875 0.5295734375000001 0.56934375 0.564103125 0.6772979171875 0.5688484375 0.6582749999999999 0.5617671875 0.60829375 0.5381203125 0.52624375 0.52438125 0.52946875
10 0.512525 0.5589083328125 0.5049625 0.5225041671875 0.482225 0.5220125 0.47795156250000004 0.5435625 0.51248125 0.6515166671875 0.5148609375000001 0.6279125 0.5049390625 0.57485 0.512525 0.5589083328125
10 0.4424578125 0.47484583281250003 0.4452890625 0.4980583328125 0.45806250000000004 0.53004375 0.46375 0.5241291671874999 0.45856250000000004 0.47619999999999996 0.45240625 0.4715375 0.45430468749999997 0.4655395828125 0.448625 0.45535 0.4424578125 0.47484583281250003
10 0.42544062499999996 0.3959604171875 0.41644531249999994 0.3882145828125 0.4150171875 0.4007666671875 0.4282609375 0.44333125000000007 0.4320546875 0.4353604171875 0.42544062499999996 0.3959604171875
10 0.406490625 0.399575 0.39701875000000003 0.39735624999999997 0.3941625 0.4264875 0.40789687499999994 0.4313145828125 0.41121875 0.42081666718750005 0.406490625 0.399575