15 0.1669921875 0.7265625 0.2119140625 0.7246104171875001 0.2783203125 0.6953125 0.28515625 0.6826166671875 0.2607421875 0.6660166671875001 0.2470703125 0.6640625 0.2021484375 0.671875 0.1669921875 0.6894541671875001 0.15234375 0.7041020828125 0.146484375 0.7294916671875 0.15625 0.7353520828125 0.1669921875 0.7265625
15 0.3359375 0.8076166671875 0.3505859375 0.80078125 0.3974609375 0.80078125 0.416015625 0.7880854171875 0.43359375 0.7568354171875 0.4375 0.7060541671875 0.4306640625 0.6933604171875001 0.3857421875 0.69921875 0.3359375 0.7490229171875 0.333984375 0.7587895828125 0.345703125 0.7724604171875 0.33203125 0.7998041671875 0.3359375 0.8076166671875
10 0.5 0.8837895828125 0.4794921875 0.8671875 0.4521484375 0.8652354171875001 0.4453125 0.8740229171875 0.451171875 0.8916020828125 0.4609375 0.8974604171875 0.45703125 0.9345708328125 0.4658203125 0.9433604171875001 0.484375 0.9423833328125 0.501953125 0.9306645828125 0.5 0.8837895828125
15 0.9453125 0.9990229171875 0.958984375 0.9775395828125 0.95703125 0.9267583328125 0.9345703125 0.90234375 0.9140625 0.8955083328125 0.90234375 0.8525395828125 0.8779296875 0.83984375 0.87109375 0.8447270828125 0.87109375 0.8798833328125 0.873046875 0.9443354171875 0.880859375 0.9736333328125 0.8974609375 1 0.9453125 0.9990229171875
15 0.595703125 0.6845708328125 0.607421875 0.6884770828125 0.6552734375 0.6640625 0.6806640625 0.6640625 0.693359375 0.6513666671875 0.69140625 0.6357416671875 0.6767578125 0.6113291671875001 0.6533203125 0.609375 0.6279296875 0.6425791671875001 0.6142578125 0.6425791671875001 0.5771484375 0.6269541671875001 0.560546875 0.6318354171875 0.560546875 0.6396479171875 0.595703125 0.6845708328125
10 0.7998046875 0.5644541671875001 0.77734375 0.5830083328125 0.77734375 0.6005854171875 0.791015625 0.6123041671875 0.791015625 0.6396479171875 0.8076171875 0.6484375 0.82421875 0.6474604171875 0.85546875 0.5927729171875 0.8212890625 0.5644541671875001 0.7998046875 0.5644541671875001
10 0.578125 0.5263666671875 0.583984375 0.5498041671875 0.609375 0.5576166671875 0.6396484375 0.5488291671875001 0.64453125 0.5283208328125 0.6240234375 0.5136729171875001 0.5869140625 0.51171875 0.578125 0.5263666671875
10 0.4296875 0.46972708281250003 0.48046875 0.42480416718749997 0.4736328125 0.4121104171875 0.4365234375 0.41015625 0.40234375 0.44238333281250003 0.39453125 0.45996041718749997 0.4296875 0.46972708281250003
10 0.56640625 0.47167916718749997 0.6220703125 0.46484375 0.623046875 0.44042916718749997 0.5869140625 0.4375 0.544921875 0.46191458281250003 0.5478515625 0.47265625 0.56640625 0.47167916718749997
10 0.650390625 0.40136666718749997 0.6533203125 0.4140625 0.6708984375 0.41015625 0.7021484375 0.4296875 0.712890625 0.42871041718749997 0.724609375 0.42285208281250003 0.7265625 0.40917916718749997 0.7119140625 0.39648541718749997 0.650390625 0.40136666718749997
10 0.6484375 0.32910208281250003 0.646484375 0.31738333281250003 0.6279296875 0.30859375 0.6064453125 0.30859375 0.58984375 0.31933541718749997 0.5947265625 0.32617291718749997 0.6484375 0.32910208281250003
10 0.669921875 0.27246041718749997 0.677734375 0.26855416718749997 0.677734375 0.25683541718749997 0.6611328125 0.24609375 0.6484375 0.25878958281250003 0.6484375 0.26660208281250003 0.669921875 0.27246041718749997
10 0.7587890625 0.28515625 0.73828125 0.29589791718749997 0.7431640625 0.3046875 0.75390625 0.30761666718749997 0.759765625 0.29980416718749997 0.7587890625 0.28515625