15 0.21110625 0.5073562500000001 0.2184875 0.5641 0.2411453125 0.6181125 0.272921875 0.6360354171875 0.30055 0.6308479171875 0.3078375 0.6158104171875001 0.317990625 0.5574333328125001 0.319921875 0.5102625 0.31784218750000004 0.4425833328125 0.3107703125 0.4197479171875 0.30950625 0.36765625 0.3004296875 0.3345645828125 0.30608124999999997 0.2883541671875 0.316446875 0.2899979171875 0.3240453125 0.30886874999999997 0.33748125 0.42508958281250003 0.3648140625 0.4982458328125 0.380496875 0.5033104171875 0.39616250000000003 0.49401875000000006 0.4070171875 0.4629854171875 0.40680625 0.4029625 0.389665625 0.3001395828125 0.365684375 0.24886041718750002 0.3381734375 0.2422875 0.3351765625 0.18513541718749998 0.34264375 0.10351250000000001 0.340190625 0.05675208281250001 0.33215625000000004 0.0144270828125 0.24456406249999998 0.0225958328125 0.2589546875 0.2157375 0.249796875 0.2231166671875 0.2306078125 0.1792229171875 0.2110484375 0.15624583281249999 0.17757499999999998 0.1619770828125 0.1653953125 0.19574375 0.1674578125 0.24906875 0.180021875 0.3066333328125 0.219315625 0.3838958328125 0.21110625 0.5073562500000001
10 0.263678125 0.78178125 0.254075 0.75265625 0.242384375 0.7537458328125 0.232446875 0.77425 0.22683124999999998 0.849175 0.235109375 0.8810333328125 0.241890625 0.8843166671875 0.261103125 0.8446729171875 0.263678125 0.78178125
15 0.41058281250000006 0.4469895828125 0.4073640625 0.5256062499999999 0.410615625 0.5735979171875 0.42012031250000004 0.6288375 0.43182968749999995 0.6421041671875 0.44059687500000005 0.6412854171875 0.450125 0.6129875 0.45301093750000004 0.5840020828125 0.45211875 0.5109895828125001 0.4346453125 0.45779791718749996 0.41773437500000005 0.4293541671875 0.41058281250000006 0.4469895828125
10 0.4842671875 0.50799375 0.49543125000000005 0.51086875 0.49993125000000005 0.4987020828125 0.4947921875 0.4286958328125 0.481975 0.38029166718749996 0.46785 0.3489770828125 0.460290625 0.35881875 0.4620796875 0.4069458328125 0.47226718749999996 0.475175 0.4842671875 0.50799375
10 0.493803125 0.6898416671875001 0.4941703125 0.7668166671875001 0.5011046875 0.7870541671875 0.5076125 0.78514375 0.511784375 0.7247125 0.507871875 0.6780875 0.5022796875 0.6694708328125001 0.493803125 0.6898416671875001
15 0.5275671875 0.7036604171875 0.534875 0.7029791671875001 0.537778125 0.6883520828125 0.5341375 0.6469229171875 0.5258390625 0.60070625 0.5169171875 0.5845708328125 0.5083046875 0.6023416671875 0.5092765625 0.6348833328125 0.516775 0.6798666671875 0.5275671875 0.7036604171875
15 0.553659375 0.6411854171875 0.54210625 0.6448750000000001 0.540390625 0.6541708328125 0.537778125 0.6883520828125 0.5417109375 0.74933125 0.55686875 0.7583604171875 0.5610968749999999 0.7409979171875001 0.562346875 0.6808395828125 0.553659375 0.6411854171875
15 0.5956921875 0.8826562499999999 0.602434375 0.8572291671875 0.6033140625 0.8179874999999999 0.59868125 0.7296625 0.592409375 0.7080583328125 0.5812828125 0.7338958328125 0.5755125 0.7918645828125 0.57689375 0.8321999999999999 0.5855812499999999 0.8718520828124999 0.5956921875 0.8826562499999999
15 0.6091265625 0.6908354171875 0.609578125 0.6294458328125 0.5999375 0.5716083328125 0.5940125 0.612625 0.596990625 0.6554208328125 0.6020749999999999 0.68235625 0.6091265625 0.6908354171875
10 0.564278125 0.6336708328125 0.565015625 0.6897270828125001 0.5705078125 0.7244583328124999 0.579021875 0.7328 0.5844406249999999 0.71010625 0.5806250000000001 0.6373666671875 0.5731640625 0.62109375 0.564278125 0.6336708328125
10 0.622284375 0.5917145828125 0.6242093750000001 0.6424395828125 0.6296828125 0.6628145828124999 0.637515625 0.65816875 0.6381218750000001 0.6137333328125 0.63584375 0.59828125 0.6270578125 0.58474375 0.622284375 0.5917145828125
10 0.641584375 0.7217458328124999 0.659703125 0.7592145828125 0.659646875 0.7161458328125 0.6506859375 0.6712979171875 0.6390140625 0.68674375 0.641584375 0.7217458328124999