15 0.7037328125 1 0.709028125 0.826225 0.7188671875 0.8206166671874999 0.7332875 0.8676458328125 0.750259375 0.8940270828125 0.7840046875 0.8945624999999999 0.7995890625000001 0.8633854171875001 0.8031124999999999 0.8101979171875 0.7966796875 0.7508604171875 0.7658328125 0.6670583328124999 0.78685 0.5463229171874999 0.7854625000000001 0.4887625 0.768665625 0.4310708328125 0.73906875 0.4074270828125 0.7111671875 0.4074354171875 0.70238125 0.420975 0.6862328125 0.4769 0.679396875 0.5232520828125 0.6743921875 0.5906604171875001 0.6790109375 0.6145854171875 0.674825 0.66640625 0.6803609374999999 0.7008583328125 0.6699390625 0.7455708328124999 0.659846875 0.74201875 0.6542921875000001 0.7219229171875 0.6531171875 0.6043395828125 0.6336875 0.5268229171875001 0.6186859375 0.5188979171875 0.6022031250000001 0.5251916671875 0.5882140625 0.5539083328125 0.582159375 0.6133854171875 0.5883984375 0.7183895828125 0.6067953125 0.7736208328124999 0.6333515625 0.7852333328125 0.6303546875 0.8423854171875 0.6144406250000001 0.9218270828125 0.6119875 0.9685895828125 0.6145484375 1 0.7037328125 1
10 0.763434375 0.26481458281250003 0.7699046875 0.2954375 0.7815953125 0.2965291671875 0.7935765625 0.2780666671875 0.8069578125 0.2049145828125 0.802084375 0.17182916718750002 0.7957124999999999 0.16731875000000002 0.7725500000000001 0.20301041718750001 0.763434375 0.26481458281250003
15 0.5830140625 0.5690875 0.5944078125 0.49183333281249997 0.596196875 0.44370624999999997 0.59255 0.38723958281250004 0.582340625 0.3719291671875 0.5735734375 0.3711125 0.5611828125 0.39736666718749997 0.5553 0.4255354171875 0.5485625 0.4980020828125 0.5603140625 0.55391875 0.574090625 0.5852229171875 0.5830140625 0.5690875
10 0.5164140625 0.49500416718749995 0.505659375 0.49008541718750004 0.49993125000000005 0.5012979171875 0.49771406249999994 0.5715770828125 0.5053546875 0.6218895828125001 0.5160734375 0.6555187499999999 0.5245859375 0.6471770828125 0.5278375 0.5991854171875 0.524871875 0.5297291671875 0.5164140625 0.49500416718749995
10 0.5259515625 0.31315624999999997 0.5336234375 0.2368604171875 0.52886875 0.21553333281249998 0.5222249999999999 0.21621875 0.511784375 0.2752875 0.51079375 0.3221854171875 0.51543125 0.3317541671875 0.5259515625 0.31315624999999997
15 0.4939578125 0.2932041671875 0.48665156249999997 0.29252500000000003 0.48224999999999996 0.3064708328125 0.48153125 0.3481729171875 0.4849234375 0.3954791671875 0.492075 0.41311458281249996 0.502459375 0.3971125 0.5048921875 0.3647083328125 0.5021625000000001 0.31877083281249996 0.4939578125 0.2932041671875
15 0.46159999999999995 0.35023125 0.4734265625 0.34872291718750004 0.47609531250000003 0.3398333328125 0.48224999999999996 0.3064708328125 0.48472031250000003 0.2453541671875 0.470653125 0.23359999999999997 0.464653125 0.2500104171875 0.45713593750000003 0.30935 0.46159999999999995 0.35023125
15 0.44518125 0.1033104171875 0.43585 0.1272395828125 0.4308828125 0.1659354171875 0.42625156249999996 0.2542604171875 0.43020781250000006 0.27681875 0.443921875 0.2532979171875 0.45568749999999997 0.19696249999999998 0.4585296875 0.1567645828125 0.454065625 0.1158854171875 0.44518125 0.1033104171875
15 0.4118546875 0.2907708328125 0.40499999999999997 0.3514791671875 0.40850937500000006 0.41054375 0.418659375 0.3710270828125 0.4201765625 0.32809374999999996 0.41795312500000004 0.30047708281249996 0.4118546875 0.2907708328125
10 0.45030000000000003 0.35570208281250004 0.4554203125 0.3000541671875 0.45360625 0.26464375 0.44604687500000006 0.2548020828125 0.4383125 0.27626875 0.4344984375 0.3490083328125 0.44018750000000006 0.3665083328125 0.45030000000000003 0.35570208281250004
10 0.3884796875 0.3864875 0.3918671875 0.3358979171875 0.3885734375 0.31470625 0.38033125 0.31785416718750004 0.37509375 0.36174375 0.3757375 0.3774666671875 0.383025 0.3925041671875 0.3884796875 0.3864875
10 0.3829390625 0.2541375 0.368909375 0.21367291718749998 0.36446875 0.25633125 0.3686609375 0.30240625 0.3818296875 0.28927708281250003 0.3829390625 0.2541375