1 0.33906200000000003 0.611111 0.30781200000000003 0.611111 0.30781200000000003 0.738889 0.33906200000000003 0.738889 0.33906200000000003 0.611111
1 0.40625 0.577778 0.360938 0.577778 0.360938 0.730556 0.40625 0.730556 0.40625 0.577778
0 0.582812 0.675 0.532813 0.675 0.532813 0.730556 0.582812 0.730556 0.582812 0.675
0 0.689063 0.705556 0.6375 0.705556 0.6375 0.738889 0.689063 0.738889 0.689063 0.705556
0 0.620313 0.75 0.5875 0.75 0.5875 0.777778 0.620313 0.777778 0.620313 0.75
0 0.692187 0.747222 0.640625 0.747222 0.640625 0.769444 0.692187 0.769444 0.692187 0.747222
0 0.81875 0.763889 0.76875 0.763889 0.76875 0.808333 0.81875 0.808333 0.81875 0.763889
0 0.859375 0.730556 0.810937 0.730556 0.810937 0.777778 0.859375 0.777778 0.859375 0.730556
0 0.803125 0.686111 0.764062 0.686111 0.764062 0.722222 0.803125 0.722222 0.803125 0.686111
0 0.73125 0.766667 0.659375 0.766667 0.659375 0.791667 0.73125 0.791667 0.73125 0.766667
0 0.840625 0.808333 0.751563 0.808333 0.751563 0.833333 0.840625 0.833333 0.840625 0.808333