4 0 0.5796875 0.51875 0.5796875 0.51875 0.14861249999999998 0.27433593749999996 0.1341359375 0 0.09829062499999999 0 0.5796875
4 0 0.5796875 0.51875 0.5796875 0.51875 0.187825 0.4107421875 0.187109375 0.3482421875 0.17734375 0.3052734375 0.163671875 0.2291015625 0.15390625 0.1373046875 0.1109375 0.0650390625 0.0953125 0 0.09722499999999999 0 0.5796875
4 0.9376765625000001 0.11205625 0.940890625 0.11205625 0.940890625 0.1058828125 0.9473218749999999 0.1058828125 0.9473218749999999 0.0997109375 0.9505375 0.0997109375 0.9505375 0.0811921875 0.9441062499999999 0.0811921875 0.9441062499999999 0.07501875 0.9215984374999999 0.07501875 0.9215984374999999 0.0811921875 0.9119531249999999 0.0811921875 0.9119531249999999 0.0997109375 0.9215984374999999 0.0997109375 0.9215984374999999 0.1058828125 0.9376765625000001 0.1058828125 0.9376765625000001 0.11205625
4 0.8251359375 0.1676125 0.837996875 0.1676125 0.837996875 0.173784375 0.8797984375000001 0.173784375 0.8797984375000001 0.1676125 0.886228125 0.1676125 0.886228125 0.15526562500000002 0.8830140625 0.15526562500000002 0.8830140625 0.14909375 0.8765828125 0.14909375 0.8765828125 0.14292031249999998 0.8669359375000001 0.14292031249999998 0.8669359375000001 0.13674843750000001 0.8572906250000001 0.13674843750000001 0.8572906250000001 0.130575 0.8283515625 0.130575 0.8283515625 0.13674843750000001 0.8219203125 0.13674843750000001 0.8219203125 0.14292031249999998 0.8187046875 0.14292031249999998 0.8187046875 0.15526562500000002 0.8251359375 0.1614390625 0.8251359375 0.1676125
4 0.686871875 0.15526562500000002 0.7286718750000001 0.15526562500000002 0.7286718750000001 0.14909375 0.74475 0.14909375 0.74475 0.14292031249999998 0.747965625 0.14292031249999998 0.747965625 0.130575 0.74475 0.130575 0.74475 0.1244015625 0.73831875 0.1244015625 0.73831875 0.1182296875 0.686871875 0.1182296875 0.686871875 0.1244015625 0.680440625 0.1244015625 0.677225 0.13674843750000001 0.6740109375000001 0.13674843750000001 0.6740109375000001 0.14909375 0.686871875 0.14909375 0.686871875 0.15526562500000002
4 0.747965625 0.2848953125 0.7511812499999999 0.2848953125 0.7511812499999999 0.29106875 0.7576109375 0.29106875 0.7576109375 0.29724218750000003 0.7672578125 0.29724218750000003 0.7672578125 0.3034140625 0.783334375 0.3034140625 0.783334375 0.3095875 0.80584375 0.3095875 0.80584375 0.3034140625 0.8122734375 0.3034140625 0.8122734375 0.29724218750000003 0.8154890625 0.29724218750000003 0.8154890625 0.27254999999999996 0.8122734375 0.27254999999999996 0.8122734375 0.26020468750000003 0.8090578125000001 0.26020468750000003 0.8090578125000001 0.25403125000000004 0.7769046875 0.25403125000000004 0.7769046875 0.26020468750000003 0.7576109375 0.26020468750000003 0.7576109375 0.26637656249999997 0.7511812499999999 0.26637656249999997 0.7511812499999999 0.27254999999999996 0.747965625 0.27254999999999996 0.747965625 0.2848953125
4 0.5936250000000001 0.3836609375 0.5968390625 0.3836609375 0.5968390625 0.389834375 0.635425 0.389834375 0.6386406250000001 0.37748906249999997 0.645071875 0.37748906249999997 0.645071875 0.371315625 0.6482875 0.371315625 0.6482875 0.3404515625 0.64185625 0.334278125 0.64185625 0.32810625 0.6225640625 0.3219328125 0.6225640625 0.32810625 0.6129171875 0.32810625 0.6129171875 0.334278125 0.6000546875 0.3404515625 0.5968390625 0.352796875 0.5936250000000001 0.352796875 0.5936250000000001 0.3836609375
4 0.7318875 0.4453890625 0.7254578125 0.4453890625 0.7254578125 0.4515625 0.7190265625000001 0.4515625 0.7190265625000001 0.4577359375 0.7125953125 0.4577359375 0.7125953125 0.47008124999999995 0.7061640625 0.47625312500000005 0.7061640625 0.49477187499999997 0.7093796875 0.49477187499999997 0.7093796875 0.5009453125000001 0.7576109375 0.5009453125000001 0.7576109375 0.50711875 0.7640421875000001 0.50711875 0.7640421875000001 0.5009453125000001 0.78655 0.5009453125000001 0.78655 0.49477187499999997 0.79298125 0.49477187499999997 0.79298125 0.48860000000000003 0.7961968749999999 0.48860000000000003 0.7961968749999999 0.47625312500000005 0.802628125 0.47008124999999995 0.802628125 0.4639078125 0.80584375 0.4639078125 0.80584375 0.4577359375 0.8090578125000001 0.4577359375 0.8090578125000001 0.43304375000000006 0.80584375 0.43304375000000006 0.80584375 0.42687187499999996 0.789765625 0.42687187499999996 0.789765625 0.4206984375 0.78655 0.4206984375 0.78655 0.42687187499999996 0.747965625 0.42687187499999996 0.747965625 0.43304375000000006 0.73831875 0.43304375000000006 0.73831875 0.4392171875 0.7318875 0.4392171875 0.7318875 0.4453890625
4 0.7994125000000001 0.0441546875 0.78655 0.050328125 0.78655 0.056499999999999995 0.7769046875 0.056499999999999995 0.7769046875 0.0626734375 0.7704734375 0.0626734375 0.7704734375 0.07501875 0.7736890625 0.07501875 0.7736890625 0.0811921875 0.78655 0.0811921875 0.78655 0.087365625 0.8251359375 0.087365625 0.8251359375 0.0811921875 0.837996875 0.0811921875 0.837996875 0.07501875 0.844428125 0.07501875 0.844428125 0.068846875 0.8572906250000001 0.068846875 0.8572906250000001 0.0626734375 0.8797984375000001 0.0626734375 0.8797984375000001 0.056499999999999995 0.886228125 0.056499999999999995 0.886228125 0.050328125 0.8894437500000001 0.050328125 0.8894437500000001 0.037982812500000004 0.886228125 0.037982812500000004 0.886228125 0.031809375 0.8797984375000001 0.031809375 0.8765828125 0.0194640625 0.8701515625 0.0194640625 0.8701515625 0.013290625 0.850859375 0.013290625 0.850859375 0.00711875 0.844428125 0.00711875 0.844428125 0.0009453125 0.8187046875 0.0009453125 0.8187046875 0.00711875 0.8090578125000001 0.00711875 0.8090578125000001 0.013290625 0.80584375 0.013290625 0.80584375 0.0256359375 0.7994125000000001 0.031809375 0.7994125000000001 0.0441546875
4 0 0.8816906250000001 0.0632953125 0.9133968749999999 0.219659375 0.9461828125 0.2414765625 0.897003125 0.25965937499999997 0.9352546875 0.3432953125 0.924325 0.3542046875 0.9407187499999999 0.379659375 0.897003125 0.34693125 0.9024671874999999 0.2923859375 0.8587515625 0.27056874999999997 0.8860734375 0.2523859375 0.880609375 0.45965937500000004 0.6347078125000001 0.4688125 0.5796875 0 0.5796875 0 0.8816906250000001
4 0.563590625 0.6255203125000001 0.56680625 0.6255203125000001 0.56680625 0.6316937499999999 0.5732359375 0.6316937499999999 0.5732359375 0.6378671875 0.5828828125000001 0.6378671875 0.5828828125000001 0.6440390625 0.598959375 0.6440390625 0.598959375 0.6502125000000001 0.62146875 0.6502125000000001 0.62146875 0.6440390625 0.6278984375000001 0.6440390625 0.6278984375000001 0.6378671875 0.6311140625 0.6378671875 0.6311140625 0.613175 0.6278984375000001 0.613175 0.6278984375000001 0.6008296875 0.6246828125 0.6008296875 0.6246828125 0.59465625 0.5925296875 0.59465625 0.5925296875 0.6008296875 0.5732359375 0.6008296875 0.5732359375 0.6070015625 0.56680625 0.6070015625 0.56680625 0.613175 0.563590625 0.613175 0.563590625 0.6255203125000001
4 0.5475125000000001 0.7860140624999999 0.5410828125 0.7860140624999999 0.5410828125 0.7921875 0.5346515625 0.7921875 0.5346515625 0.7983609375 0.5282203125 0.7983609375 0.5282203125 0.81070625 0.5217890625 0.816878125 0.5217890625 0.835396875 0.5250046875 0.835396875 0.5250046875 0.8415703125 0.5732359375 0.8415703125 0.5732359375 0.84774375 0.5796671875 0.84774375 0.5796671875 0.8415703125 0.602175 0.8415703125 0.602175 0.835396875 0.60860625 0.835396875 0.60860625 0.8292249999999999 0.611821875 0.8292249999999999 0.611821875 0.816878125 0.6182531250000001 0.81070625 0.6182531250000001 0.8045328125 0.62146875 0.8045328125 0.62146875 0.7983609375 0.6246828125 0.7983609375 0.6246828125 0.77366875 0.62146875 0.77366875 0.62146875 0.767496875 0.605390625 0.767496875 0.605390625 0.7613234375 0.602175 0.7613234375 0.602175 0.767496875 0.563590625 0.767496875 0.563590625 0.77366875 0.55394375 0.77366875 0.55394375 0.7798421875 0.5475125000000001 0.7798421875 0.5475125000000001 0.7860140624999999
4 0.62146875 1 0.62146875 0.995890625 0.6246828125 0.995890625 0.6246828125 0.9835453125000001 0.6182531250000001 0.9773734375 0.6182531250000001 0.9650265625 0.6150375 0.9650265625 0.6150375 0.95268125 0.611821875 0.95268125 0.611821875 0.9465078124999999 0.605390625 0.9465078124999999 0.602175 0.9341625 0.5893140625 0.927990625 0.5893140625 0.9218171875 0.5764515625 0.9218171875 0.5764515625 0.9156437499999999 0.560375 0.9156437499999999 0.560375 0.909471875 0.550728125 0.909471875 0.550728125 0.9156437499999999 0.5346515625 0.9156437499999999 0.5346515625 0.9218171875 0.5250046875 0.9218171875 0.5250046875 0.927990625 0.51875 0.927990625 0.51875 1 0.62146875 1