4 0.9452624999999999 0.9380828125 0.8813640625 0.9332984375000001 0.8430265625000001 0.940475 0.8286484375000001 0.9572218749999999 0.841428125 0.969184375 0.8941437499999999 0.9859296875 0.9244953125 0.9883218749999999 0.9484578125 0.9787531250000001 0.9452624999999999 0.9380828125
4 0.57785 0.6677484375 0.576253125 0.7155953125 0.62098125 0.7490875 0.735996875 0.7730109374999999 0.7439843749999999 0.7897578125 0.7040484375 0.7993265625 0.681684375 0.796934375 0.657721875 0.7801890625000001 0.630565625 0.7801890625000001 0.5970203125 0.80171875 0.657721875 0.8280359374999999 0.67529375 0.8687046875 0.67529375 0.8902359375 0.7120359374999999 0.9285140625 0.7056453125 0.969184375 0.7280109375 0.9787531250000001 0.7759328125 0.97396875 0.779128125 0.9596140625 0.7711406249999999 0.926121875 0.7919078125000001 0.8734890625 0.8350390624999999 0.8710968749999999 0.8781703125 0.8471734375000001 0.8717796874999999 0.7849734374999999 0.8781703125 0.7634421875 0.859 0.7514796875 0.7982984375 0.7419109374999999 0.750375 0.648609375 0.7187875 0.6296875 0.6816125000000001 0.6296875 0.6768921875 0.643825 0.681684375 0.6629640625000001 0.6721 0.6677484375 0.57785 0.6677484375
4 0.64494375 0.7897578125 0.6337609375000001 0.78258125 0.6241765625 0.80171875 0.64494375 0.8041124999999999 0.64494375 0.7897578125
4 0.6385531249999999 0.7227718750000001 0.62098125 0.706025 0.6177859375 0.72755625 0.63695625 0.734734375 0.6385531249999999 0.7227718750000001
4 0.7168281249999999 0.660571875 0.7407890625 0.65339375 0.735996875 0.643825 0.7200234375 0.6414328125 0.7040484375 0.6510015625000001 0.7168281249999999 0.660571875
4 0.7967 0.8639203125 0.8382343750000001 0.8687046875 0.841428125 0.8519593750000001 0.8334421875 0.8519593750000001 0.7967 0.85674375 0.7967 0.8639203125
4 0.5826421875000001 0.6773171875 0.5890328125 0.6988484374999999 0.603409375 0.6844953125 0.63695625 0.6797093750000001 0.630565625 0.6701406249999999 0.5986171875 0.6701406249999999 0.5826421875000001 0.6773171875
4 0.7120359374999999 0.72755625 0.7759328125 0.72755625 0.7727390625 0.7132031249999999 0.7551671875 0.7108109375 0.724815625 0.7155953125 0.7120359374999999 0.72755625
4 0.76954375 0.9452609375 0.7583609375 0.9380828125 0.735996875 0.9548296875 0.7136328125 0.9572218749999999 0.708840625 0.966790625 0.735996875 0.9787531250000001 0.759959375 0.9715765624999999 0.76954375 0.96200625 0.76954375 0.9452609375
4 0.803090625 0.8280359374999999 0.85580625 0.8376046875000001 0.8637921875 0.8280359374999999 0.857403125 0.808896875 0.8430265625000001 0.8065046875 0.8174671874999999 0.808896875 0.8078828124999999 0.818465625 0.7807265625 0.8160734375 0.767946875 0.8519593750000001 0.795103125 0.8543515625 0.7903109374999999 0.839996875 0.803090625 0.8280359374999999
4 0.9394140625 1 0.9404703124999999 0.9978921875 0.9404703124999999 0.966790625 0.9324828125 0.9500453125 0.8637921875 0.9452609375 0.8510140625 0.9548296875 0.8510140625 0.966790625 0.8621953124999999 0.9811453125 0.8989359374999999 0.97396875 0.91631875 1 0.9394140625 1