4 0 0.5578515625 0.00674375 0.579175 0.0450703125 0.5643546875000001 0.11589218750000001 0.5287890625 0.2175421875 0.45617656249999994 0.2300390625 0.38504375 0.152553125 0.300575 0.060068750000000004 0.30205625 0.00674375 0.3316953125 0 0.3954125 0 0.5578515625
4 0.47677031249999996 0.32189843749999997 0.49249687499999995 0.3805984375 0.5508203125 0.3805984375 0.6633015624999999 0.3316953125 0.709375 0.29748437499999997 0.709375 0.21348281249999998 0.63330625 0.22499687499999999 0.5374890625 0.18795 0.4491703125 0.2131421875 0.47677031249999996 0.32189843749999997
4 0.4450046875 0.5465718749999999 0.4958296875 0.595475 0.5137359375 0.61875 0.7088078125 0.61875 0.709375 0.6110890625 0.709375 0.4163 0.615809375 0.42801875 0.49082968749999994 0.42505625 0.4600015625 0.45617656249999994 0.4450046875 0.5465718749999999
4 0.5458203125 0.10792656249999999 0.551653125 0.14645625 0.6083109375 0.12570937499999998 0.7074609374999999 0.035312500000000004 0.6149765625 0.036795312499999996 0.5642703124999999 0.09226875 0.5458203125 0.10792656249999999
4 0.27109375 0.3966796875 0.2818359375 0.403515625 0.2916015625 0.39375 0.3072265625 0.38984375 0.312109375 0.4005859375 0.2876953125 0.4171875 0.28671875 0.4240234375 0.31015625 0.4279296875 0.3296875 0.4162109375 0.33359375 0.3966796875 0.351171875 0.3751953125 0.3609375 0.3498046875 0.3501953125 0.3234375 0.3072265625 0.325390625 0.269140625 0.3478515625 0.27109375 0.3966796875
4 0.5484375 0.1115234375 0.5484375 0.1193359375 0.5767578125 0.13203125 0.59140625 0.1310546875 0.6431640625 0.110546875 0.6958984375 0.06953125 0.702734375 0.0587890625 0.691015625 0.0431640625 0.6646484375 0.03828125 0.6392578125 0.044140625 0.5787109375 0.079296875 0.5484375 0.1115234375
4 0.316015625 0.1193359375 0.3267578125 0.126171875 0.386328125 0.1271484375 0.4341796875 0.110546875 0.44296875 0.0998046875 0.44296875 0.0861328125 0.4302734375 0.07734375 0.3521484375 0.08515625 0.3228515625 0.094921875 0.3140625 0.1076171875 0.316015625 0.1193359375
4 0.4380859375 0.462109375 0.45078125 0.4416015625 0.4380859375 0.43671875 0.382421875 0.4474609375 0.38046875 0.4533203125 0.4009765625 0.469921875 0.413671875 0.4708984375 0.4380859375 0.462109375
4 0.136328125 0.1525390625 0.1255859375 0.145703125 0.0953125 0.1701171875 0.09921875 0.1876953125 0.1109375 0.1916015625 0.136328125 0.1662109375 0.136328125 0.1525390625
4 0.709375 0 0.709375 0.026856249999999998 0.746528125 0.040065625 0.7560765625 0.0539546875 0.7682296875 0.0539546875 0.792534375 0.0277203125 0.7899359375 0 0.709375 0
4 0.8761749999999999 1 0.8729171875 0.9826203124999999 0.905903125 0.96873125 0.9111109374999999 0.9332375 0.8451390625 0.939409375 0.76961875 0.9671875 0.7210140625 1 0.8761749999999999 1