4 0.5331734375 0.6963 0.52290625 0.7386421875 0.580021875 0.781865625 0.6380609374999999 0.79416875 0.6410578124999999 0.7324515625 0.5614343749999999 0.6930671875 0.5331734375 0.6963
4 0.30131718749999997 0.6353234375000001 0.1843078125 0.6617 0.1736109375 0.7081328124999999 0.2473796875 0.670396875 0.30131718749999997 0.6353234375000001
4 0.517578125 0.7099609375 0.51953125 0.7255859375 0.5537109375 0.7578125 0.580078125 0.7626953125 0.58203125 0.7529296875 0.59765625 0.7431640625 0.595703125 0.7197265625 0.5419921875 0.681640625 0.5302734375 0.68359375 0.517578125 0.7099609375
4 0.5986328125 0.736328125 0.595703125 0.7197265625 0.5693359375 0.697265625 0.5537109375 0.693359375 0.5419921875 0.681640625 0.5302734375 0.68359375 0.517578125 0.7099609375 0.5234375 0.7333984375 0.5556640625 0.759765625 0.58203125 0.7646484375 0.58203125 0.7587890625 0.5986328125 0.748046875 0.6259765625 0.755859375 0.642578125 0.7490234375 0.6240234375 0.736328125 0.5986328125 0.736328125
4 0.2861328125 0.712890625 0.33984375 0.7138671875 0.3642578125 0.708984375 0.369140625 0.7021484375 0.2744140625 0.6875 0.2421875 0.6904296875 0.2451171875 0.69921875 0.2861328125 0.712890625
4 0.6328125 0.7021484375 0.63671875 0.6923828125 0.6318359375 0.685546875 0.6162109375 0.68359375 0.611328125 0.6884765625 0.6181640625 0.69921875 0.6328125 0.7021484375
4 0.21875 0.6669921875 0.2275390625 0.67578125 0.248046875 0.6748046875 0.2822265625 0.671875 0.3193359375 0.658203125 0.32421875 0.6494140625 0.3212890625 0.64453125 0.2841796875 0.646484375 0.21875 0.6669921875
4 0.515428125 0.67125625 0.536771875 0.668728125 0.5571953125 0.667975 0.548196875 0.6521796875 0.527340625 0.6488671874999999 0.5063875 0.6530140624999999 0.515428125 0.67125625
4 0.694990625 0.7623890624999999 0.724196875 0.769146875 0.7299765625 0.7551703125 0.719975 0.7322078125 0.69021875 0.730303125 0.6721890625 0.7433046875 0.694990625 0.7623890624999999
4 0.6677828124999999 0.7292 0.702221875 0.72719375 0.702740625 0.725825 0.6960921875 0.7093 0.674253125 0.708246875 0.65565625 0.7173578125 0.6677828124999999 0.7292
4 0.43150625 0.716521875 0.4439375 0.724321875 0.4842171875 0.72978125 0.5084359375 0.7321890625 0.5105859374999999 0.7211609375 0.48556406250000006 0.7123671875 0.45256093750000004 0.7088234375 0.43199062499999996 0.707871875 0.43150625 0.716521875
4 0.577134375 0.6488625 0.557975 0.6436734375000001 0.5614125 0.656003125 0.5733640624999999 0.6632640624999999 0.577134375 0.6488625
4 0.49764687500000004 0.6386828125 0.5144296875000001 0.6412890625000001 0.5245124999999999 0.6292203125 0.5082296875 0.6257718750000001 0.48521562500000004 0.62291875 0.484571875 0.6344171875 0.49764687500000004 0.6386828125
4 0.42852499999999993 0.6243078125 0.43004687500000005 0.6169140625 0.40821562499999997 0.6135421875 0.39429375 0.619671875 0.4088671875 0.625665625 0.42852499999999993 0.6243078125
4 0.7968390624999999 0.9438828125000001 0.7339203125 0.9393296875000001 0.7250171875 0.95796875 0.7111453125 0.9686453125 0.72275 0.9766046875000001 0.7401796875 0.9968953125000001 0.7497203125 1 0.7935734375 0.9929937499999999 0.78565625 0.9843109374999999 0.787678125 0.9533890625 0.7968390624999999 0.9438828125000001